1.000000 0.000000 0.000000 0.000000 0.000000 1.000000 0.000000 0.000000 0.000000 0.000000 1.000000 0.000000
1.000000 0.000000 0.000000 0.000000 0.000000 1.000000 0.000000 0.000000 0.000000 0.000000 1.000000 0.000000
1.000000 0.000000 0.000000 0.000000 0.000000 1.000000 0.000000 0.000000 0.000000 0.000000 1.000000 0.000000
1.000000 0.000000 0.000000 0.000000 0.000000 1.000000 0.000000 0.000000 0.000000 0.000000 1.000000 0.000000
1.000000 0.000000 0.000000 0.000000 0.000000 1.000000 0.000000 0.000000 0.000000 0.000000 1.000000 0.000000
1.000000 0.000000 0.000000 0.000000 0.000000 1.000000 0.000000 0.000000 0.000000 0.000000 1.000000 0.000000
1.000000 0.000000 0.000000 0.000000 0.000000 1.000000 0.000000 0.000000 0.000000 0.000000 1.000000 0.000000
1.000000 0.000000 0.000000 0.000000 0.000000 1.000000 0.000000 0.000000 0.000000 0.000000 1.000000 0.000000
1.000000 0.000000 0.000000 0.000000 0.000000 1.000000 0.000000 0.000000 0.000000 0.000000 1.000000 0.000000
1.000000 0.000000 0.000000 0.000000 0.000000 1.000000 0.000000 0.000000 0.000000 0.000000 1.000000 0.000000
1.000000 0.000000 0.000000 0.000000 0.000000 1.000000 0.000000 0.000000 0.000000 0.000000 1.000000 0.000000
1.000000 0.000000 0.000000 0.000000 0.000000 1.000000 0.000000 0.000000 0.000000 0.000000 1.000000 0.000000
1.000000 0.000000 0.000000 0.000000 0.000000 1.000000 0.000000 0.000000 0.000000 0.000000 1.000000 0.000000
1.000000 0.000000 0.000000 0.000000 0.000000 1.000000 0.000000 0.000000 0.000000 0.000000 1.000000 0.000000
1.000000 0.000000 0.000000 0.000000 0.000000 1.000000 0.000000 0.000000 0.000000 0.000000 1.000000 0.000000
1.000000 0.000000 0.000000 0.000000 0.000000 1.000000 0.000000 0.000000 0.000000 0.000000 1.000000 0.000000
1.000000 0.000000 0.000000 0.000000 0.000000 1.000000 0.000000 0.000000 0.000000 0.000000 1.000000 0.000000
1.000000 0.000000 0.000000 0.000000 0.000000 1.000000 0.000000 0.000000 0.000000 0.000000 1.000000 0.000000
1.000000 0.000317 0.000000 0.000024 -0.000317 1.000000 -0.000000 -0.000000 -0.000000 0.000000 1.000000 0.000000
0.999913 -0.013170 0.000000 0.081223 0.013170 0.999913 0.000000 0.000810 0.000000 0.000000 1.000000 0.000000
0.999820 0.018959 0.000000 0.233901 -0.018959 0.999820 -0.000000 -0.000013 -0.000000 0.000000 1.000000 0.000000
0.999913 0.013207 0.000000 0.450609 -0.013207 0.999913 -0.000000 -0.003544 -0.000000 0.000000 1.000000 0.000000
0.999972 0.007506 0.000000 0.709602 -0.007506 0.999972 -0.000000 -0.006141 -0.000000 0.000000 1.000000 0.000000
1.000000 0.000859 0.000000 1.000172 -0.000859 1.000000 -0.000000 -0.007192 -0.000000 0.000000 1.000000 0.000000
0.999979 -0.006458 0.000000 1.365688 0.006458 0.999979 0.000000 -0.006188 0.000000 0.000000 1.000000 0.000000
0.999930 -0.011855 0.000000 1.646858 0.011855 0.999930 0.000000 -0.003567 0.000000 0.000000 1.000000 0.000000
0.978421 0.206622 0.000000 1.806424 -0.206622 0.978421 -0.000000 -0.013759 -0.000000 0.000000 1.000000 0.000000
0.956312 0.292348 0.000000 1.905606 -0.292348 0.956312 -0.000000 -0.041047 -0.000000 0.000000 1.000000 0.000000
0.975086 0.221829 0.000000 1.907169 -0.221829 0.975086 -0.000000 -0.041519 -0.000000 0.000000 1.000000 0.000000
0.998279 0.058638 0.000000 1.907802 -0.058638 0.998279 -0.000000 -0.041600 -0.000000 0.000000 1.000000 0.000000
0.999851 0.017239 0.000000 1.907802 -0.017239 0.999851 -0.000000 -0.041602 -0.000000 0.000000 1.000000 0.000000
0.999854 0.017085 0.000000 1.907802 -0.017085 0.999854 -0.000000 -0.041602 -0.000000 0.000000 1.000000 0.000000
0.999864 0.016482 0.000000 1.907802 -0.016482 0.999864 -0.000000 -0.041602 -0.000000 0.000000 1.000000 0.000000
0.999865 0.016405 0.000000 1.907802 -0.016405 0.999865 -0.000000 -0.041602 -0.000000 0.000000 1.000000 0.000000
0.999867 0.016290 0.000000 1.907802 -0.016290 0.999867 -0.000000 -0.041602 -0.000000 0.000000 1.000000 0.000000
0.998041 0.062568 0.000000 1.907162 -0.062568 0.998041 -0.000000 -0.041580 -0.000000 0.000000 1.000000 0.000000
0.930679 0.365836 0.000000 1.905613 -0.365836 0.930679 -0.000000 -0.041296 -0.000000 0.000000 1.000000 0.000000
0.626969 0.779045 0.000000 1.951984 -0.779045 0.626969 -0.000000 -0.077650 -0.000000 0.000000 1.000000 0.000000
0.377620 0.925961 0.000000 1.996961 -0.925961 0.377620 -0.000000 -0.160800 -0.000000 0.000000 1.000000 0.000000
0.204578 0.978850 0.000000 2.027410 -0.978850 0.204578 -0.000000 -0.258807 -0.000000 0.000000 1.000000 0.000000
0.004036 0.999992 0.000000 2.046251 -0.999992 0.004036 -0.000000 -0.475728 -0.000000 0.000000 1.000000 0.000000
-0.084252 0.996445 0.000000 2.035407 -0.996445 -0.084252 -0.000000 -0.752648 -0.000000 0.000000 1.000000 0.000000
-0.087953 0.996125 0.000000 2.006602 -0.996125 -0.087953 -0.000000 -1.087455 -0.000000 0.000000 1.000000 0.000000
-0.083667 0.996494 0.000000 1.974505 -0.996494 -0.083667 -0.000000 -1.452684 -0.000000 0.000000 1.000000 0.000000
-0.064532 0.997916 0.000000 1.954115 -0.997916 -0.064532 -0.000000 -1.730324 -0.000000 0.000000 1.000000 0.000000
-0.067667 0.997708 0.000000 1.944373 -0.997708 -0.067667 -0.000000 -1.886410 -0.000000 0.000000 1.000000 0.000000
-0.096847 0.995299 0.000000 1.936801 -0.995299 -0.096847 -0.000000 -1.978768 -0.000000 0.000000 1.000000 0.000000
0.034098 0.999418 0.000000 1.936735 -0.999418 0.034098 -0.000000 -1.980173 -0.000000 0.000000 1.000000 0.000000
0.406725 0.913551 0.000000 1.936869 -0.913551 0.406725 -0.000000 -1.980884 -0.000000 0.000000 1.000000 0.000000
0.825197 0.564846 0.000000 1.937370 -0.564846 0.825197 -0.000000 -1.981559 -0.000000 0.000000 1.000000 0.000000
0.961542 0.274659 0.000000 1.937461 -0.274659 0.961542 -0.000000 -1.981570 -0.000000 0.000000 1.000000 0.000000
0.999986 -0.005302 0.000000 1.937210 0.005302 0.999986 0.000000 -1.981529 0.000000 0.000000 1.000000 0.000000
0.999987 -0.005122 0.000000 1.937210 0.005122 0.999987 0.000000 -1.981529 0.000000 0.000000 1.000000 0.000000
0.999989 -0.004701 0.000000 1.937210 0.004701 0.999989 0.000000 -1.981529 0.000000 0.000000 1.000000 0.000000
0.999988 -0.004835 0.000000 1.937210 0.004835 0.999988 0.000000 -1.981529 0.000000 0.000000 1.000000 0.000000
0.999988 -0.004867 0.000000 1.937210 0.004867 0.999988 0.000000 -1.981529 0.000000 0.000000 1.000000 0.000000
0.999987 -0.005097 0.000000 1.937210 0.005097 0.999987 0.000000 -1.981529 0.000000 0.000000 1.000000 0.000000
0.999896 -0.014388 0.000000 1.937124 0.014388 0.999896 0.000000 -1.981530 0.000000 0.000000 1.000000 0.000000
0.986304 -0.164938 0.000000 1.937315 0.164938 0.986304 0.000000 -1.981506 0.000000 0.000000 1.000000 0.000000
0.928852 -0.370450 0.000000 1.937720 0.370450 0.928852 0.000000 -1.981413 0.000000 0.000000 1.000000 0.000000
0.663624 -0.748067 0.000000 1.938422 0.748067 0.663624 0.000000 -1.980884 0.000000 0.000000 1.000000 0.000000
0.153599 -0.988133 0.000000 1.939067 0.988133 0.153599 0.000000 -1.979528 0.000000 0.000000 1.000000 0.000000
-0.219367 -0.975642 0.000000 1.939034 0.975642 -0.219367 0.000000 -1.977896 0.000000 0.000000 1.000000 0.000000
-0.514386 -0.857559 0.000000 1.938497 0.857559 -0.514386 0.000000 -1.976595 0.000000 0.000000 1.000000 0.000000
-0.916661 -0.399665 0.000000 1.896292 0.399665 -0.916661 0.000000 -1.947603 0.000000 0.000000 1.000000 0.000000
-0.974564 0.224108 0.000000 1.720430 -0.224108 -0.974564 -0.000000 -1.936149 -0.000000 0.000000 1.000000 0.000000
-0.908455 0.417983 0.000000 1.515837 -0.417983 -0.908455 -0.000000 -2.018097 -0.000000 0.000000 1.000000 0.000000
-0.960144 0.279505 0.000000 1.245635 -0.279505 -0.960144 -0.000000 -2.120895 -0.000000 0.000000 1.000000 0.000000
-0.991264 0.131895 0.000000 0.925115 -0.131895 -0.991264 -0.000000 -2.186541 -0.000000 0.000000 1.000000 0.000000
-0.999837 0.018084 0.000000 0.542319 -0.018084 -0.999837 -0.000000 -2.216115 -0.000000 0.000000 1.000000 0.000000
-0.995889 -0.090587 0.000000 0.258919 0.090587 -0.995889 0.000000 -2.203885 0.000000 0.000000 1.000000 0.000000
-0.967206 -0.253995 0.000000 0.090679 0.253995 -0.967206 0.000000 -2.180077 0.000000 0.000000 1.000000 0.000000
-0.855155 -0.518373 0.000000 -0.011959 0.518373 -0.855155 0.000000 -2.134955 0.000000 0.000000 1.000000 0.000000
-0.803912 -0.594748 0.000000 -0.016960 0.594748 -0.803912 0.000000 -2.131929 0.000000 0.000000 1.000000 0.000000
-0.566559 -0.824021 0.000000 -0.015902 0.824021 -0.566559 0.000000 -2.132987 0.000000 0.000000 1.000000 0.000000
-0.042998 -0.999075 0.000000 -0.015892 0.999075 -0.042998 0.000000 -2.133012 0.000000 0.000000 1.000000 0.000000
0.625005 -0.780621 0.000000 -0.015775 0.780621 0.625005 0.000000 -2.132480 0.000000 0.000000 1.000000 0.000000
0.990598 -0.136803 0.000000 -0.014842 0.136803 0.990598 0.000000 -2.131915 0.000000 0.000000 1.000000 0.000000
0.995734 -0.092274 0.000000 -0.014610 0.092274 0.995734 0.000000 -2.131884 0.000000 0.000000 1.000000 0.000000
0.995630 -0.093385 0.000000 -0.014610 0.093385 0.995630 0.000000 -2.131884 0.000000 0.000000 1.000000 0.000000
0.995590 -0.093808 0.000000 -0.014610 0.093808 0.995590 0.000000 -2.131884 0.000000 0.000000 1.000000 0.000000
0.999691 -0.024848 0.000000 -0.014274 0.024848 0.999691 0.000000 -2.131863 0.000000 0.000000 1.000000 0.000000
0.947096 0.320949 0.000000 -0.013311 -0.320949 0.947096 -0.000000 -2.131969 -0.000000 0.000000 1.000000 0.000000
0.604512 0.796596 0.000000 -0.013455 -0.796596 0.604512 -0.000000 -2.131781 -0.000000 0.000000 1.000000 0.000000
-0.096227 0.995359 0.000000 -0.013674 -0.995359 -0.096227 -0.000000 -2.130648 -0.000000 0.000000 1.000000 0.000000
-0.776333 0.630323 0.000000 -0.026900 -0.630323 -0.776333 -0.000000 -2.143386 -0.000000 0.000000 1.000000 0.000000
-0.985483 -0.169773 0.000000 -0.157880 0.169773 -0.985483 0.000000 -2.172860 0.000000 0.000000 1.000000 0.000000
-0.556041 -0.831155 0.000000 -0.302647 0.831155 -0.556041 0.000000 -2.076153 0.000000 0.000000 1.000000 0.000000
-0.143599 -0.989636 0.000000 -0.358397 0.989636 -0.143599 0.000000 -1.911600 0.000000 0.000000 1.000000 0.000000
0.143583 -0.989638 0.000000 -0.351155 0.989638 0.143583 0.000000 -1.623600 0.000000 0.000000 1.000000 0.000000
0.221208 -0.975227 0.000000 -0.283233 0.975227 0.221208 0.000000 -1.282641 0.000000 0.000000 1.000000 0.000000
0.211183 -0.977446 0.000000 -0.193775 0.977446 0.211183 0.000000 -0.889552 0.000000 0.000000 1.000000 0.000000
0.177687 -0.984087 0.000000 -0.122232 0.984087 0.177687 0.000000 -0.530751 0.000000 0.000000 1.000000 0.000000
0.090592 -0.995888 0.000000 -0.091660 0.995888 0.090592 0.000000 -0.324239 0.000000 0.000000 1.000000 0.000000
0.000600 -1.000000 0.000000 -0.086468 1.000000 0.000600 0.000000 -0.199169 0.000000 0.000000 1.000000 0.000000
-0.006006 -0.999982 0.000000 -0.086875 0.999982 -0.006006 0.000000 -0.144967 0.000000 0.000000 1.000000 0.000000
0.205534 -0.978650 0.000000 -0.086967 0.978650 0.205534 0.000000 -0.145450 0.000000 0.000000 1.000000 0.000000
0.567150 -0.823614 0.000000 -0.087540 0.823614 0.567150 0.000000 -0.146662 0.000000 0.000000 1.000000 0.000000
0.854221 -0.519911 0.000000 -0.088969 0.519911 0.854221 0.000000 -0.148017 0.000000 0.000000 1.000000 0.000000
0.957734 -0.287655 0.000000 -0.091122 0.287655 0.957734 0.000000 -0.148959 0.000000 0.000000 1.000000 0.000000
0.994828 -0.101577 0.000000 -0.093153 0.101577 0.994828 0.000000 -0.149385 0.000000 0.000000 1.000000 0.000000
0.994792 -0.101924 0.000000 -0.093153 0.101924 0.994792 0.000000 -0.149385 0.000000 0.000000 1.000000 0.000000
0.994792 -0.101924 0.000000 -0.093153 0.101924 0.994792 0.000000 -0.149385 0.000000 0.000000 1.000000 0.000000
0.994792 -0.101924 0.000000 -0.093153 0.101924 0.994792 0.000000 -0.149385 0.000000 0.000000 1.000000 0.000000
0.994792 -0.101924 0.000000 -0.093153 0.101924 0.994792 0.000000 -0.149385 0.000000 0.000000 1.000000 0.000000
0.994792 -0.101924 0.000000 -0.093153 0.101924 0.994792 0.000000 -0.149385 0.000000 0.000000 1.000000 0.000000
