1.000000 -0.000000 0.000000 0.000000 0.000000 1.000000 -0.000000 0.000000 0.000000 0.000000 1.000000 0.000000
0.999888 -0.014987 0.000000 0.076253 0.014987 0.999888 -0.000000 0.006308 0.000000 0.000000 1.000000 0.000000
0.999795 0.020224 0.000000 0.235524 -0.020224 0.999795 -0.000000 0.009940 -0.000000 0.000000 1.000000 0.000000
0.999940 0.010913 0.000000 0.457698 -0.010913 0.999940 -0.000000 0.019000 -0.000000 0.000000 1.000000 0.000000
0.999999 0.001031 -0.000000 0.726588 -0.001031 0.999999 0.000000 0.031401 0.000000 0.000000 1.000000 0.000000
1.000000 0.000161 0.000000 1.021244 -0.000161 1.000000 -0.000000 0.037801 -0.000000 0.000000 1.000000 0.000000
0.999975 -0.007035 0.000000 1.385548 0.007035 0.999975 -0.000000 0.050627 0.000000 0.000000 1.000000 0.000000
0.999926 -0.012176 0.000000 1.671785 0.012176 0.999926 0.000000 0.064298 -0.000000 0.000000 1.000000 0.000000
0.974458 0.224570 0.000000 1.841334 -0.224570 0.974458 -0.000000 0.061788 -0.000000 0.000000 1.000000 0.000000
0.956801 0.290744 0.000000 1.936901 -0.290744 0.956801 -0.000000 0.041800 -0.000000 0.000000 1.000000 0.000000
0.976494 0.215545 0.000000 1.942207 -0.215545 0.976494 -0.000000 0.039862 -0.000000 0.000000 1.000000 0.000000
0.998844 0.048068 0.000000 1.941049 -0.048068 0.998844 -0.000000 0.037183 -0.000000 0.000000 1.000000 0.000000
0.999874 0.015903 0.000000 1.942285 -0.015903 0.999874 -0.000000 0.040725 -0.000000 0.000000 1.000000 0.000000
0.997096 0.076157 0.000000 1.944352 -0.076157 0.997096 -0.000000 0.035387 -0.000000 0.000000 1.000000 0.000000
0.920390 0.391002 0.000000 1.943902 -0.391002 0.920390 -0.000000 0.037691 -0.000000 0.000000 1.000000 0.000000
0.600458 0.799656 0.000000 1.981247 -0.799656 0.600458 -0.000000 0.001597 -0.000000 0.000000 1.000000 0.000000
0.361714 0.932289 0.000000 2.018583 -0.932289 0.361714 -0.000000 -0.078260 -0.000000 0.000000 1.000000 0.000000
0.177182 0.984178 0.000000 2.048167 -0.984178 0.177182 -0.000000 -0.180052 -0.000000 0.000000 1.000000 0.000000
-0.009275 0.999957 -0.000000 2.072398 -0.999957 -0.009275 0.000000 -0.393830 -0.000000 0.000000 1.000000 0.000000
-0.093236 0.995644 -0.000000 2.069439 -0.995644 -0.093236 0.000000 -0.682524 -0.000000 0.000000 1.000000 0.000000
-0.098585 0.995129 -0.000000 2.051591 -0.995129 -0.098585 0.000000 -1.023144 -0.000000 0.000000 1.000000 0.000000
-0.086233 0.996275 -0.000000 2.035663 -0.996275 -0.086233 0.000000 -1.385835 -0.000000 0.000000 1.000000 0.000000
-0.064304 0.997930 -0.000000 2.028636 -0.997930 -0.064304 0.000000 -1.666604 -0.000000 0.000000 1.000000 0.000000
-0.064924 0.997890 -0.000000 2.025264 -0.997890 -0.064924 0.000000 -1.818924 -0.000000 0.000000 1.000000 0.000000
-0.095552 0.995424 -0.000000 2.021245 -0.995424 -0.095552 0.000000 -1.913791 -0.000000 0.000000 1.000000 0.000000
0.051695 0.998663 0.000000 2.020386 -0.998663 0.051695 -0.000000 -1.908546 -0.000000 0.000000 1.000000 0.000000
0.430782 0.902456 0.000000 2.020000 -0.902456 0.430782 -0.000000 -1.912585 -0.000000 0.000000 1.000000 0.000000
0.838900 0.544286 0.000000 2.023334 -0.544286 0.838900 -0.000000 -1.915369 -0.000000 0.000000 1.000000 0.000000
0.966630 0.256176 0.000000 2.026607 -0.256176 0.966630 -0.000000 -1.917700 -0.000000 0.000000 1.000000 0.000000
0.999992 -0.003990 0.000000 2.032714 0.003990 0.999992 0.000000 -1.919989 -0.000000 0.000000 1.000000 0.000000
0.985563 -0.169312 0.000000 2.032490 0.169312 0.985563 -0.000000 -1.924251 0.000000 0.000000 1.000000 0.000000
0.925328 -0.379168 0.000000 2.026862 0.379168 0.925328 -0.000000 -1.920819 0.000000 0.000000 1.000000 0.000000
0.637051 -0.770822 0.000000 2.027801 0.770822 0.637051 -0.000000 -1.916875 0.000000 0.000000 1.000000 0.000000
0.137943 -0.990440 0.000000 2.031662 0.990440 0.137943 -0.000000 -1.916572 0.000000 0.000000 1.000000 0.000000
-0.232253 -0.972656 0.000000 2.024985 0.972656 -0.232253 0.000000 -1.910395 0.000000 0.000000 1.000000 0.000000
-0.522277 -0.852776 0.000000 2.019802 0.852776 -0.522277 0.000000 -1.913882 0.000000 0.000000 1.000000 0.000000
-0.920800 -0.390036 0.000000 1.971720 0.390036 -0.920800 0.000000 -1.888905 0.000000 0.000000 1.000000 0.000000
-0.975625 0.219444 0.000000 1.796851 -0.219444 -0.975625 0.000000 -1.875613 0.000000 0.000000 1.000000 0.000000
-0.920050 0.391801 0.000000 1.594411 -0.391801 -0.920050 0.000000 -1.956712 0.000000 0.000000 1.000000 0.000000
-0.970957 0.239253 0.000000 1.311306 -0.239253 -0.970957 0.000000 -2.065997 0.000000 0.000000 1.000000 0.000000
-0.995327 0.096558 0.000000 0.995750 -0.096558 -0.995327 0.000000 -2.127587 0.000000 0.000000 1.000000 0.000000
-0.999794 -0.020293 0.000000 0.606958 0.020293 -0.999794 0.000000 -2.158258 0.000000 0.000000 1.000000 0.000000
-0.991884 -0.127148 0.000000 0.316761 0.127148 -0.991884 0.000000 -2.148475 0.000000 0.000000 1.000000 0.000000
-0.952992 -0.302996 0.000000 0.147713 0.302996 -0.952992 0.000000 -2.125984 0.000000 0.000000 1.000000 0.000000
-0.835352 -0.549715 0.000000 0.047905 0.549715 -0.835352 0.000000 -2.077715 0.000000 0.000000 1.000000 0.000000
-0.772357 -0.635189 0.000000 0.042498 0.635189 -0.772357 0.000000 -2.074868 0.000000 0.000000 1.000000 0.000000
-0.510457 -0.859903 0.000000 0.046193 0.859903 -0.510457 0.000000 -2.078409 0.000000 0.000000 1.000000 0.000000
0.053678 -0.998558 0.000000 0.044271 0.998558 0.053678 -0.000000 -2.070754 0.000000 0.000000 1.000000 0.000000
0.694043 -0.719933 0.000000 0.046089 0.719933 0.694043 -0.000000 -2.075879 0.000000 0.000000 1.000000 0.000000
0.997337 -0.072926 0.000000 0.039493 0.072926 0.997337 -0.000000 -2.080930 0.000000 0.000000 1.000000 0.000000
0.999068 -0.043167 0.000000 0.029042 0.043167 0.999068 -0.000000 -2.083553 0.000000 0.000000 1.000000 0.000000
0.999318 0.036913 0.000000 0.039781 -0.036913 0.999318 -0.000000 -2.080953 -0.000000 0.000000 1.000000 0.000000
0.915192 0.403019 0.000000 0.036622 -0.403019 0.915192 -0.000000 -2.077982 -0.000000 0.000000 1.000000 0.000000
0.520497 0.853863 0.000000 0.033361 -0.853863 0.520497 -0.000000 -2.093367 -0.000000 0.000000 1.000000 0.000000
-0.200082 0.979779 -0.000000 0.034494 -0.979779 -0.200082 0.000000 -2.090235 -0.000000 0.000000 1.000000 0.000000
-0.836033 0.548680 0.000000 0.025770 -0.548680 -0.836033 0.000000 -2.097792 0.000000 0.000000 1.000000 0.000000
-0.960105 -0.279641 0.000000 -0.122259 0.279641 -0.960105 0.000000 -2.109089 0.000000 0.000000 1.000000 0.000000
-0.473576 -0.880753 0.000000 -0.253484 0.880753 -0.473576 0.000000 -1.995055 0.000000 0.000000 1.000000 0.000000
-0.050158 -0.998741 0.000000 -0.302745 0.998741 -0.050158 0.000000 -1.822667 0.000000 0.000000 1.000000 0.000000
0.218466 -0.975845 0.000000 -0.281043 0.975845 0.218466 -0.000000 -1.540853 0.000000 0.000000 1.000000 0.000000
0.283805 -0.958882 0.000000 -0.196351 0.958882 0.283805 -0.000000 -1.199765 0.000000 0.000000 1.000000 0.000000
0.273446 -0.961887 0.000000 -0.104639 0.961887 0.273446 -0.000000 -0.805089 0.000000 0.000000 1.000000 0.000000
0.237730 -0.971331 0.000000 -0.022846 0.971331 0.237730 -0.000000 -0.442481 0.000000 0.000000 1.000000 0.000000
0.148996 -0.988838 0.000000 0.013676 0.988838 0.148996 -0.000000 -0.237642 0.000000 0.000000 1.000000 0.000000
0.064938 -0.997889 0.000000 0.023348 0.997889 0.064938 -0.000000 -0.110693 0.000000 0.000000 1.000000 0.000000
0.066225 -0.997805 0.000000 0.026190 0.997805 0.066225 -0.000000 -0.055212 0.000000 0.000000 1.000000 0.000000
0.298370 -0.954450 0.000000 0.024903 0.954450 0.298370 -0.000000 -0.053620 0.000000 0.000000 1.000000 0.000000
0.651610 -0.758554 0.000000 0.025836 0.758554 0.651610 -0.000000 -0.055368 0.000000 0.000000 1.000000 0.000000
0.898816 -0.438326 0.000000 0.015915 0.438326 0.898816 -0.000000 -0.057081 0.000000 0.000000 1.000000 0.000000
0.980481 -0.196614 0.000000 0.013595 0.196614 0.980481 -0.000000 -0.057831 0.000000 0.000000 1.000000 0.000000
0.999701 -0.024434 0.000000 0.008664 0.024434 0.999701 -0.000000 -0.057411 0.000000 0.000000 1.000000 0.000000
