0.999973 -0.007332 0.000000 0.000000 0.007332 0.999973 -0.000000 0.000000 0.000000 0.000000 1.000000 0.000000
0.993981 -0.109556 0.000000 -0.001143 0.109556 0.993981 -0.000000 -0.000649 0.000000 0.000000 1.000000 0.000000
0.917012 -0.398859 0.000000 0.000704 0.398859 0.917012 -0.000000 -0.000811 0.000000 0.000000 1.000000 0.000000
0.491299 -0.870991 0.000000 0.076709 0.870991 0.491299 -0.000000 0.068488 0.000000 0.000000 1.000000 0.000000
0.082056 -0.996628 0.000000 0.119451 0.996628 0.082056 -0.000000 0.240539 0.000000 0.000000 1.000000 0.000000
-0.115061 -0.993358 0.000000 0.102212 0.993358 -0.115061 0.000000 0.464332 0.000000 0.000000 1.000000 0.000000
-0.168449 -0.985710 0.000000 0.055807 0.985710 -0.168449 0.000000 0.698121 0.000000 0.000000 1.000000 0.000000
-0.204528 -0.978861 0.000000 0.021073 0.978861 -0.204528 0.000000 0.832493 0.000000 0.000000 1.000000 0.000000
-0.251288 -0.967912 0.000000 0.000256 0.967912 -0.251288 0.000000 0.925655 0.000000 0.000000 1.000000 0.000000
-0.135228 -0.990814 0.000000 0.001744 0.990814 -0.135228 0.000000 0.928930 0.000000 0.000000 1.000000 0.000000
0.194174 -0.980967 0.000000 0.001047 0.980967 0.194174 -0.000000 0.929966 0.000000 0.000000 1.000000 0.000000
0.682727 -0.730673 0.000000 0.001648 0.730673 0.682727 -0.000000 0.925370 0.000000 0.000000 1.000000 0.000000
0.922974 -0.384862 0.000000 0.000659 0.384862 0.922974 -0.000000 0.924911 0.000000 0.000000 1.000000 0.000000
0.991665 -0.128846 0.000000 -0.001498 0.128846 0.991665 -0.000000 0.922715 0.000000 0.000000 1.000000 0.000000
0.999948 -0.010220 0.000000 -0.006795 0.010220 0.999948 -0.000000 0.922325 0.000000 0.000000 1.000000 0.000000
0.998430 0.056005 0.000000 -0.005546 -0.056005 0.998430 -0.000000 0.924496 -0.000000 0.000000 1.000000 0.000000
0.966722 0.255830 0.000000 -0.007982 -0.255830 0.966722 -0.000000 0.923008 -0.000000 0.000000 1.000000 0.000000
0.827590 0.561332 0.000000 -0.013408 -0.561332 0.827590 -0.000000 0.928389 -0.000000 0.000000 1.000000 0.000000
0.660305 0.750998 0.000000 -0.021421 -0.750998 0.660305 -0.000000 0.933143 -0.000000 0.000000 1.000000 0.000000
0.398428 0.917199 0.000000 -0.024248 -0.917199 0.398428 -0.000000 0.936841 -0.000000 0.000000 1.000000 0.000000
0.112034 0.993704 0.000000 -0.029235 -0.993704 0.112034 -0.000000 0.937417 -0.000000 0.000000 1.000000 0.000000
-0.573700 0.819065 0.000000 -0.031605 -0.819065 -0.573700 0.000000 0.933713 0.000000 0.000000 1.000000 0.000000
-0.995939 0.090035 0.000000 -0.025601 -0.090035 -0.995939 0.000000 0.933714 0.000000 0.000000 1.000000 0.000000
-0.700448 -0.713704 0.000000 -0.052693 0.713704 -0.700448 0.000000 0.956320 0.000000 0.000000 1.000000 0.000000
0.074063 -0.997254 0.000000 -0.084313 0.997254 0.074063 -0.000000 1.065781 0.000000 0.000000 1.000000 0.000000
0.398482 -0.917176 0.000000 -0.046602 0.917176 0.398482 -0.000000 1.233546 0.000000 0.000000 1.000000 0.000000
0.655964 -0.754792 0.000000 0.002302 0.754792 0.655964 -0.000000 1.328054 0.000000 0.000000 1.000000 0.000000
0.558939 -0.829209 0.000000 0.084795 0.829209 0.558939 -0.000000 1.447787 0.000000 0.000000 1.000000 0.000000
0.420074 -0.907490 0.000000 0.153236 0.907490 0.420074 -0.000000 1.573378 0.000000 0.000000 1.000000 0.000000
0.140291 -0.990110 0.000000 0.167623 0.990110 0.140291 -0.000000 1.638165 0.000000 0.000000 1.000000 0.000000
-0.306316 -0.951930 0.000000 0.156077 0.951930 -0.306316 0.000000 1.734006 0.000000 0.000000 1.000000 0.000000
-0.347393 -0.937720 0.000000 0.134836 0.937720 -0.347393 0.000000 1.814955 0.000000 0.000000 1.000000 0.000000
-0.284232 -0.958755 0.000000 0.127450 0.958755 -0.284232 0.000000 1.820189 0.000000 0.000000 1.000000 0.000000
-0.252165 -0.967684 0.000000 0.130461 0.967684 -0.252165 0.000000 1.821451 0.000000 0.000000 1.000000 0.000000
-0.239193 -0.970972 0.000000 0.127948 0.970972 -0.239193 0.000000 1.819498 0.000000 0.000000 1.000000 0.000000
-0.210940 -0.977499 0.000000 0.126589 0.977499 -0.210940 0.000000 1.821020 0.000000 0.000000 1.000000 0.000000
-0.176840 -0.984240 0.000000 0.131589 0.984240 -0.176840 0.000000 1.818692 0.000000 0.000000 1.000000 0.000000
-0.172992 -0.984923 0.000000 0.138049 0.984923 -0.172992 0.000000 1.769019 0.000000 0.000000 1.000000 0.000000
-0.243906 -0.969799 0.000000 0.128281 0.969799 -0.243906 0.000000 1.808860 0.000000 0.000000 1.000000 0.000000
-0.253595 -0.967311 0.000000 0.125352 0.967311 -0.253595 0.000000 1.825691 0.000000 0.000000 1.000000 0.000000
-0.181702 -0.983354 0.000000 0.127493 0.983354 -0.181702 0.000000 1.833367 0.000000 0.000000 1.000000 0.000000
-0.121853 -0.992548 0.000000 0.137384 0.992548 -0.121853 0.000000 1.782548 0.000000 0.000000 1.000000 0.000000
0.147006 -0.989136 0.000000 0.143151 0.989136 0.147006 -0.000000 1.774333 0.000000 0.000000 1.000000 0.000000
0.569843 -0.821753 0.000000 0.144684 0.821753 0.569843 -0.000000 1.767043 0.000000 0.000000 1.000000 0.000000
0.966232 -0.257674 0.000000 0.143822 0.257674 0.966232 -0.000000 1.764442 0.000000 0.000000 1.000000 0.000000
0.926950 0.375184 0.000000 0.137049 -0.375184 0.926950 -0.000000 1.761876 -0.000000 0.000000 1.000000 0.000000
0.586528 0.809929 0.000000 0.119607 -0.809929 0.586528 -0.000000 1.765372 -0.000000 0.000000 1.000000 0.000000
0.236763 0.971567 0.000000 0.123907 -0.971567 0.236763 -0.000000 1.767476 -0.000000 0.000000 1.000000 0.000000
-0.398453 0.917189 -0.000000 0.117259 -0.917189 -0.398453 0.000000 1.768355 -0.000000 0.000000 1.000000 0.000000
-0.965354 0.260943 0.000000 0.112166 -0.260943 -0.965354 0.000000 1.773588 0.000000 0.000000 1.000000 0.000000
-0.809817 -0.586683 0.000000 0.057042 0.586683 -0.809817 0.000000 1.797053 0.000000 0.000000 1.000000 0.000000
-0.084251 -0.996445 0.000000 -0.003307 0.996445 -0.084251 0.000000 1.943988 0.000000 0.000000 1.000000 0.000000
0.276807 -0.960926 0.000000 0.022283 0.960926 0.276807 -0.000000 2.196805 0.000000 0.000000 1.000000 0.000000
0.395296 -0.918554 0.000000 0.111426 0.918554 0.395296 -0.000000 2.458656 0.000000 0.000000 1.000000 0.000000
0.452437 -0.891797 0.000000 0.180009 0.891797 0.452437 -0.000000 2.611867 0.000000 0.000000 1.000000 0.000000
0.523471 -0.852044 0.000000 0.232312 0.852044 0.523471 -0.000000 2.711168 0.000000 0.000000 1.000000 0.000000
0.236238 -0.971695 0.000000 0.239127 0.971695 0.236238 -0.000000 2.726915 0.000000 0.000000 1.000000 0.000000
-0.050232 -0.998738 0.000000 0.237305 0.998738 -0.050232 0.000000 2.735750 0.000000 0.000000 1.000000 0.000000
-0.229488 -0.973312 0.000000 0.236762 0.973312 -0.229488 0.000000 2.744679 0.000000 0.000000 1.000000 0.000000
-0.249564 -0.968358 0.000000 0.237537 0.968358 -0.249564 0.000000 2.743685 0.000000 0.000000 1.000000 0.000000
-0.391061 -0.920365 0.000000 0.236387 0.920365 -0.391061 0.000000 2.740498 0.000000 0.000000 1.000000 0.000000
-0.639790 -0.768550 0.000000 0.238656 0.768550 -0.639790 0.000000 2.743188 0.000000 0.000000 1.000000 0.000000
-0.833770 -0.552113 0.000000 0.236949 0.552113 -0.833770 0.000000 2.745734 0.000000 0.000000 1.000000 0.000000
-0.941674 -0.336527 0.000000 0.237495 0.336527 -0.941674 0.000000 2.747671 0.000000 0.000000 1.000000 0.000000
-0.995753 -0.092064 0.000000 0.239516 0.092064 -0.995753 0.000000 2.747219 0.000000 0.000000 1.000000 0.000000
-0.980020 0.198899 0.000000 0.244278 -0.198899 -0.980020 0.000000 2.754070 0.000000 0.000000 1.000000 0.000000
-0.754055 0.656811 0.000000 0.241993 -0.656811 -0.754055 0.000000 2.757885 0.000000 0.000000 1.000000 0.000000
-0.186262 0.982500 -0.000000 0.217569 -0.982500 -0.186262 0.000000 2.723871 -0.000000 0.000000 1.000000 0.000000
0.501832 0.864965 0.000000 0.235536 -0.864965 0.501832 -0.000000 2.652354 -0.000000 0.000000 1.000000 0.000000
0.957852 0.287262 0.000000 0.407534 -0.287262 0.957852 -0.000000 2.535192 -0.000000 0.000000 1.000000 0.000000
0.998395 -0.056641 0.000000 0.679674 0.056641 0.998395 -0.000000 2.527368 0.000000 0.000000 1.000000 0.000000
0.983650 -0.180092 0.000000 0.973698 0.180092 0.983650 -0.000000 2.580364 0.000000 0.000000 1.000000 0.000000
0.978962 -0.204043 0.000000 1.157843 0.204043 0.978962 -0.000000 2.622805 0.000000 0.000000 1.000000 0.000000
0.979002 -0.203849 0.000000 1.260686 0.203849 0.979002 -0.000000 2.649438 0.000000 0.000000 1.000000 0.000000
0.962437 -0.271505 0.000000 1.300388 0.271505 0.962437 -0.000000 2.657087 0.000000 0.000000 1.000000 0.000000
0.831313 -0.555805 0.000000 1.299768 0.555805 0.831313 -0.000000 2.655815 0.000000 0.000000 1.000000 0.000000
0.429524 -0.903056 0.000000 1.302533 0.903056 0.429524 -0.000000 2.654464 0.000000 0.000000 1.000000 0.000000
0.107385 -0.994218 0.000000 1.302567 0.994218 0.107385 -0.000000 2.660084 0.000000 0.000000 1.000000 0.000000
-0.167525 -0.985868 0.000000 1.301530 0.985868 -0.167525 0.000000 2.655856 0.000000 0.000000 1.000000 0.000000
-0.195156 -0.980772 0.000000 1.303989 0.980772 -0.195156 0.000000 2.661821 0.000000 0.000000 1.000000 0.000000
-0.009834 -0.999952 0.000000 1.308378 0.999952 -0.009834 0.000000 2.665534 0.000000 0.000000 1.000000 0.000000
0.390361 -0.920662 0.000000 1.311922 0.920662 0.390361 -0.000000 2.665957 0.000000 0.000000 1.000000 0.000000
0.893027 -0.450004 0.000000 1.361606 0.450004 0.893027 -0.000000 2.725186 0.000000 0.000000 1.000000 0.000000
0.976996 0.213259 0.000000 1.525272 -0.213259 0.976996 -0.000000 2.734713 -0.000000 0.000000 1.000000 0.000000
0.945231 0.326402 0.000000 1.747973 -0.326402 0.945231 -0.000000 2.672422 -0.000000 0.000000 1.000000 0.000000
0.951462 0.307767 0.000000 2.019251 -0.307767 0.951462 -0.000000 2.595101 -0.000000 0.000000 1.000000 0.000000
0.969562 0.244847 0.000000 2.201513 -0.244847 0.969562 -0.000000 2.552537 -0.000000 0.000000 1.000000 0.000000
0.979328 0.202278 0.000000 2.305527 -0.202278 0.979328 -0.000000 2.542960 -0.000000 0.000000 1.000000 0.000000
0.977613 0.210413 0.000000 2.354133 -0.210413 0.977613 -0.000000 2.533612 -0.000000 0.000000 1.000000 0.000000
0.999363 -0.035694 0.000000 2.358482 0.035694 0.999363 -0.000000 2.532026 0.000000 0.000000 1.000000 0.000000
0.880271 -0.474471 0.000000 2.364749 0.474471 0.880271 -0.000000 2.530041 0.000000 0.000000 1.000000 0.000000
0.439500 -0.898243 0.000000 2.373761 0.898243 0.439500 -0.000000 2.525795 0.000000 0.000000 1.000000 0.000000
0.087911 -0.996128 0.000000 2.370610 0.996128 0.087911 -0.000000 2.538558 0.000000 0.000000 1.000000 0.000000
-0.202605 -0.979260 0.000000 2.371303 0.979260 -0.202605 0.000000 2.549178 0.000000 0.000000 1.000000 0.000000
-0.209032 -0.977909 0.000000 2.369331 0.977909 -0.209032 0.000000 2.553215 0.000000 0.000000 1.000000 0.000000
-0.382758 -0.923849 0.000000 2.370365 0.923849 -0.382758 0.000000 2.548820 0.000000 0.000000 1.000000 0.000000
-0.691096 -0.722763 0.000000 2.380418 0.722763 -0.691096 0.000000 2.540764 0.000000 0.000000 1.000000 0.000000
-0.983066 -0.183253 0.000000 2.385969 0.183253 -0.983066 0.000000 2.544157 0.000000 0.000000 1.000000 0.000000
-0.858616 0.512620 0.000000 2.346325 -0.512620 -0.858616 0.000000 2.528667 0.000000 0.000000 1.000000 0.000000
-0.293425 0.955982 -0.000000 2.269704 -0.955982 -0.293425 0.000000 2.422867 -0.000000 0.000000 1.000000 0.000000
0.063104 0.998007 0.000000 2.260688 -0.998007 0.063104 -0.000000 2.180238 -0.000000 0.000000 1.000000 0.000000
0.187730 0.982221 0.000000 2.310625 -0.982221 0.187730 -0.000000 1.899808 -0.000000 0.000000 1.000000 0.000000
0.255855 0.966715 0.000000 2.365654 -0.966715 0.255855 -0.000000 1.707678 -0.000000 0.000000 1.000000 0.000000
0.288608 0.957447 0.000000 2.405707 -0.957447 0.288608 -0.000000 1.586837 -0.000000 0.000000 1.000000 0.000000
0.570865 0.821044 0.000000 2.421656 -0.821044 0.570865 -0.000000 1.519377 -0.000000 0.000000 1.000000 0.000000
0.885633 0.464386 0.000000 2.419185 -0.464386 0.885633 -0.000000 1.512284 -0.000000 0.000000 1.000000 0.000000
0.978348 -0.206968 0.000000 2.418219 0.206968 0.978348 -0.000000 1.507008 0.000000 0.000000 1.000000 0.000000
0.538423 -0.842675 0.000000 2.433414 0.842675 0.538423 -0.000000 1.508239 0.000000 0.000000 1.000000 0.000000
0.110190 -0.993910 0.000000 2.435553 0.993910 0.110190 -0.000000 1.516060 0.000000 0.000000 1.000000 0.000000
-0.210832 -0.977522 0.000000 2.434201 0.977522 -0.210832 0.000000 1.519545 0.000000 0.000000 1.000000 0.000000
-0.214848 -0.976647 0.000000 2.435223 0.976647 -0.214848 0.000000 1.519449 0.000000 0.000000 1.000000 0.000000
-0.161445 -0.986882 0.000000 2.436121 0.986882 -0.161445 0.000000 1.518734 0.000000 0.000000 1.000000 0.000000
0.109229 -0.994017 0.000000 2.434143 0.994017 0.109229 -0.000000 1.520973 0.000000 0.000000 1.000000 0.000000
0.566267 -0.824221 0.000000 2.437894 0.824221 0.566267 -0.000000 1.522724 0.000000 0.000000 1.000000 0.000000
0.955058 -0.296420 0.000000 2.443947 0.296420 0.955058 -0.000000 1.520865 0.000000 0.000000 1.000000 0.000000
0.913813 0.406135 0.000000 2.477249 -0.406135 0.913813 -0.000000 1.509331 -0.000000 0.000000 1.000000 0.000000
0.387494 0.921872 0.000000 2.571891 -0.921872 0.387494 -0.000000 1.407861 -0.000000 0.000000 1.000000 0.000000
-0.051062 0.998695 -0.000000 2.612358 -0.998695 -0.051062 0.000000 1.190299 -0.000000 0.000000 1.000000 0.000000
-0.181271 0.983433 -0.000000 2.581025 -0.983433 -0.181271 0.000000 0.904822 -0.000000 0.000000 1.000000 0.000000
-0.220330 0.975425 -0.000000 2.548718 -0.975425 -0.220330 0.000000 0.694721 -0.000000 0.000000 1.000000 0.000000
-0.410375 0.911917 -0.000000 2.515090 -0.911917 -0.410375 0.000000 0.568000 -0.000000 0.000000 1.000000 0.000000
-0.472213 0.881484 -0.000000 2.491402 -0.881484 -0.472213 0.000000 0.505662 -0.000000 0.000000 1.000000 0.000000
-0.670898 0.741550 0.000000 2.491549 -0.741550 -0.670898 0.000000 0.508017 0.000000 0.000000 1.000000 0.000000
-0.927742 0.373222 0.000000 2.494955 -0.373222 -0.927742 0.000000 0.514142 0.000000 0.000000 1.000000 0.000000
-0.962851 -0.270035 0.000000 2.494311 0.270035 -0.962851 0.000000 0.513966 0.000000 0.000000 1.000000 0.000000
-0.663692 -0.748006 0.000000 2.498612 0.748006 -0.663692 0.000000 0.508465 0.000000 0.000000 1.000000 0.000000
-0.404156 -0.914690 0.000000 2.501933 0.914690 -0.404156 0.000000 0.505522 0.000000 0.000000 1.000000 0.000000
-0.259329 -0.965789 0.000000 2.500146 0.965789 -0.259329 0.000000 0.502962 0.000000 0.000000 1.000000 0.000000
-0.166557 -0.986032 0.000000 2.500322 0.986032 -0.166557 0.000000 0.505777 0.000000 0.000000 1.000000 0.000000
0.055328 -0.998468 0.000000 2.499770 0.998468 0.055328 -0.000000 0.502586 0.000000 0.000000 1.000000 0.000000
0.523441 -0.852062 0.000000 2.502496 0.852062 0.523441 -0.000000 0.500224 0.000000 0.000000 1.000000 0.000000
0.824572 -0.565757 0.000000 2.498983 0.565757 0.824572 -0.000000 0.495144 0.000000 0.000000 1.000000 0.000000
0.955735 -0.294228 0.000000 2.501253 0.294228 0.955735 -0.000000 0.493712 0.000000 0.000000 1.000000 0.000000
0.924035 0.382308 0.000000 2.502469 -0.382308 0.924035 -0.000000 0.491594 -0.000000 0.000000 1.000000 0.000000
0.340650 0.940190 0.000000 2.522654 -0.940190 0.340650 -0.000000 0.458061 -0.000000 0.000000 1.000000 0.000000
-0.499537 0.866292 0.000000 2.515506 -0.866292 -0.499537 0.000000 0.385462 0.000000 0.000000 1.000000 0.000000
-0.989657 0.143454 0.000000 2.380075 -0.143454 -0.989657 0.000000 0.304702 0.000000 0.000000 1.000000 0.000000
-0.967674 -0.252205 0.000000 2.126303 0.252205 -0.967674 0.000000 0.315224 0.000000 0.000000 1.000000 0.000000
-0.917095 -0.398669 0.000000 1.898062 0.398669 -0.917095 0.000000 0.386898 0.000000 0.000000 1.000000 0.000000
-0.887531 -0.460748 0.000000 1.772816 0.460748 -0.887531 0.000000 0.440007 0.000000 0.000000 1.000000 0.000000
-0.856547 -0.516069 0.000000 1.694672 0.516069 -0.856547 0.000000 0.482790 0.000000 0.000000 1.000000 0.000000
-0.779447 -0.626469 0.000000 1.695676 0.626469 -0.779447 0.000000 0.480962 0.000000 0.000000 1.000000 0.000000
-0.632663 -0.774427 0.000000 1.700473 0.774427 -0.632663 0.000000 0.480391 0.000000 0.000000 1.000000 0.000000
-0.461758 -0.887006 0.000000 1.702672 0.887006 -0.461758 0.000000 0.477401 0.000000 0.000000 1.000000 0.000000
-0.472544 -0.881307 0.000000 1.701819 0.881307 -0.472544 0.000000 0.471886 0.000000 0.000000 1.000000 0.000000
-0.518703 -0.854955 0.000000 1.700689 0.854955 -0.518703 0.000000 0.476720 0.000000 0.000000 1.000000 0.000000
-0.451840 -0.892099 0.000000 1.699586 0.892099 -0.451840 0.000000 0.475883 0.000000 0.000000 1.000000 0.000000
-0.396451 -0.918056 0.000000 1.700294 0.918056 -0.396451 0.000000 0.474746 0.000000 0.000000 1.000000 0.000000
-0.475446 -0.879745 0.000000 1.699527 0.879745 -0.475446 0.000000 0.468988 0.000000 0.000000 1.000000 0.000000
-0.714485 -0.699651 0.000000 1.701790 0.699651 -0.714485 0.000000 0.476313 0.000000 0.000000 1.000000 0.000000
-0.956686 -0.291121 0.000000 1.653486 0.291121 -0.956686 0.000000 0.510648 0.000000 0.000000 1.000000 0.000000
-0.998261 0.058948 0.000000 1.471609 -0.058948 -0.998261 0.000000 0.516928 0.000000 0.000000 1.000000 0.000000
-0.994017 0.109226 0.000000 1.246013 -0.109226 -0.994017 0.000000 0.482843 0.000000 0.000000 1.000000 0.000000
-0.991785 0.127915 0.000000 1.095347 -0.127915 -0.991785 0.000000 0.456331 0.000000 0.000000 1.000000 0.000000
-0.988638 0.150316 0.000000 0.989488 -0.150316 -0.988638 0.000000 0.438519 0.000000 0.000000 1.000000 0.000000
-0.999982 0.005971 0.000000 0.974623 -0.005971 -0.999982 0.000000 0.437391 0.000000 0.000000 1.000000 0.000000
-0.941749 -0.336316 0.000000 0.972992 0.336316 -0.941749 0.000000 0.433456 0.000000 0.000000 1.000000 0.000000
-0.797741 -0.603000 0.000000 0.976566 0.603000 -0.797741 0.000000 0.429861 0.000000 0.000000 1.000000 0.000000
-0.628331 -0.777946 0.000000 0.980167 0.777946 -0.628331 0.000000 0.427766 0.000000 0.000000 1.000000 0.000000
-0.552166 -0.833734 0.000000 0.983449 0.833734 -0.552166 0.000000 0.426623 0.000000 0.000000 1.000000 0.000000
-0.425368 -0.905020 0.000000 0.984704 0.905020 -0.425368 0.000000 0.424022 0.000000 0.000000 1.000000 0.000000
-0.234618 -0.972088 0.000000 0.986407 0.972088 -0.234618 0.000000 0.421782 0.000000 0.000000 1.000000 0.000000
0.039588 -0.999216 0.000000 0.988860 0.999216 0.039588 -0.000000 0.416201 0.000000 0.000000 1.000000 0.000000
0.577713 -0.816240 0.000000 0.985819 0.816240 0.577713 -0.000000 0.415706 0.000000 0.000000 1.000000 0.000000
0.985356 -0.170512 0.000000 0.978278 0.170512 0.985356 -0.000000 0.411360 0.000000 0.000000 1.000000 0.000000
0.801918 0.597434 0.000000 0.970842 -0.597434 0.801918 -0.000000 0.411267 -0.000000 0.000000 1.000000 0.000000
0.038672 0.999252 0.000000 1.021281 -0.999252 0.038672 -0.000000 0.319576 -0.000000 0.000000 1.000000 0.000000
-0.772756 0.634703 0.000000 0.980407 -0.634703 -0.772756 0.000000 0.218160 0.000000 0.000000 1.000000 0.000000
-0.998699 -0.051003 0.000000 0.756001 0.051003 -0.998699 0.000000 0.145974 0.000000 0.000000 1.000000 0.000000
-0.940644 -0.339396 0.000000 0.502504 0.339396 -0.940644 0.000000 0.193450 0.000000 0.000000 1.000000 0.000000
-0.861322 -0.508059 0.000000 0.344523 0.508059 -0.861322 0.000000 0.255035 0.000000 0.000000 1.000000 0.000000
-0.825841 -0.563904 0.000000 0.257292 0.563904 -0.825841 0.000000 0.305503 0.000000 0.000000 1.000000 0.000000
-0.784762 -0.619797 0.000000 0.238925 0.619797 -0.784762 0.000000 0.318066 0.000000 0.000000 1.000000 0.000000
-0.718704 -0.695316 0.000000 0.242782 0.695316 -0.718704 0.000000 0.314545 0.000000 0.000000 1.000000 0.000000
