0.999973 -0.007332 0.000000 0.000000 0.007332 0.999973 0.000000 0.000000 0.000000 0.000000 1.000000 0.000000
0.999973 -0.007327 0.000000 0.000000 0.007327 0.999973 0.000000 0.000000 0.000000 0.000000 1.000000 0.000000
0.999974 -0.007210 0.000000 0.000000 0.007210 0.999974 0.000000 0.000000 0.000000 0.000000 1.000000 0.000000
0.999972 -0.007506 0.000000 0.000000 0.007506 0.999972 0.000000 0.000000 0.000000 0.000000 1.000000 0.000000
0.999970 -0.007718 0.000000 0.000000 0.007718 0.999970 0.000000 0.000000 0.000000 0.000000 1.000000 0.000000
0.999971 -0.007630 0.000000 0.000000 0.007630 0.999971 0.000000 0.000000 0.000000 0.000000 1.000000 0.000000
0.999969 -0.007854 0.000000 0.000000 0.007854 0.999969 0.000000 0.000000 0.000000 0.000000 1.000000 0.000000
0.999967 -0.008135 0.000000 0.000000 0.008135 0.999967 0.000000 0.000000 0.000000 0.000000 1.000000 0.000000
0.999964 -0.008507 0.000000 0.000000 0.008507 0.999964 0.000000 0.000000 0.000000 0.000000 1.000000 0.000000
0.999955 -0.009486 0.000000 0.000000 0.009486 0.999955 0.000000 0.000000 0.000000 0.000000 1.000000 0.000000
0.999949 -0.010128 0.000000 0.000000 0.010128 0.999949 0.000000 0.000000 0.000000 0.000000 1.000000 0.000000
0.999949 -0.010053 0.000000 0.000000 0.010053 0.999949 0.000000 0.000000 0.000000 0.000000 1.000000 0.000000
0.999949 -0.010079 0.000000 0.000000 0.010079 0.999949 0.000000 0.000000 0.000000 0.000000 1.000000 0.000000
0.994197 -0.107578 0.000000 0.001983 0.107578 0.994197 0.000000 0.000124 0.000000 0.000000 1.000000 0.000000
0.924692 -0.380715 0.000000 0.005819 0.380715 0.924692 0.000000 0.001217 0.000000 0.000000 1.000000 0.000000
0.536964 -0.843605 0.000000 0.083014 0.843605 0.536964 0.000000 0.070121 0.000000 0.000000 1.000000 0.000000
0.099436 -0.995044 0.000000 0.130444 0.995044 0.099436 0.000000 0.240227 0.000000 0.000000 1.000000 0.000000
-0.107790 -0.994174 0.000000 0.127368 0.994174 -0.107790 0.000000 0.467833 0.000000 0.000000 1.000000 0.000000
-0.166606 -0.986024 0.000000 0.095821 0.986024 -0.166606 0.000000 0.693354 0.000000 0.000000 1.000000 0.000000
-0.200046 -0.979786 0.000000 0.071464 0.979786 -0.200046 0.000000 0.827340 0.000000 0.000000 1.000000 0.000000
-0.248462 -0.968642 0.000000 0.051560 0.968642 -0.248462 0.000000 0.916311 0.000000 0.000000 1.000000 0.000000
-0.149654 -0.988738 0.000000 0.051381 0.988738 -0.149654 0.000000 0.916879 0.000000 0.000000 1.000000 0.000000
0.169410 -0.985546 0.000000 0.051452 0.985546 0.169410 0.000000 0.916082 0.000000 0.000000 1.000000 0.000000
0.656504 -0.754323 0.000000 0.051008 0.754323 0.656504 0.000000 0.915163 0.000000 0.000000 1.000000 0.000000
0.913843 -0.406068 0.000000 0.050230 0.406068 0.913843 0.000000 0.914657 0.000000 0.000000 1.000000 0.000000
0.988229 -0.152984 0.000000 0.048590 0.152984 0.988229 0.000000 0.914163 0.000000 0.000000 1.000000 0.000000
0.999816 -0.019197 0.000000 0.047816 0.019197 0.999816 0.000000 0.914088 0.000000 0.000000 1.000000 0.000000
0.999816 -0.019197 0.000000 0.047816 0.019197 0.999816 0.000000 0.914088 0.000000 0.000000 1.000000 0.000000
0.999816 -0.019197 0.000000 0.047816 0.019197 0.999816 0.000000 0.914088 0.000000 0.000000 1.000000 0.000000
0.999816 -0.019197 0.000000 0.047816 0.019197 0.999816 0.000000 0.914088 0.000000 0.000000 1.000000 0.000000
0.999816 -0.019197 0.000000 0.047816 0.019197 0.999816 0.000000 0.914088 0.000000 0.000000 1.000000 0.000000
0.999816 -0.019197 0.000000 0.047816 0.019197 0.999816 0.000000 0.914088 0.000000 0.000000 1.000000 0.000000
0.999816 -0.019197 0.000000 0.047816 0.019197 0.999816 0.000000 0.914088 0.000000 0.000000 1.000000 0.000000
0.999816 -0.019197 0.000000 0.047816 0.019197 0.999816 0.000000 0.914088 0.000000 0.000000 1.000000 0.000000
0.999816 -0.019197 0.000000 0.047816 0.019197 0.999816 0.000000 0.914088 0.000000 0.000000 1.000000 0.000000
0.999816 -0.019197 0.000000 0.047816 0.019197 0.999816 0.000000 0.914088 0.000000 0.000000 1.000000 0.000000
0.999816 -0.019197 0.000000 0.047816 0.019197 0.999816 0.000000 0.914088 0.000000 0.000000 1.000000 0.000000
0.999816 -0.019197 0.000000 0.047816 0.019197 0.999816 0.000000 0.914088 0.000000 0.000000 1.000000 0.000000
0.999223 0.039404 0.000000 0.046622 -0.039404 0.999223 -0.000000 0.914086 -0.000000 0.000000 1.000000 0.000000
0.972631 0.232355 0.000000 0.043894 -0.232355 0.972631 -0.000000 0.914403 -0.000000 0.000000 1.000000 0.000000
0.844814 0.535061 0.000000 0.042771 -0.535061 0.844814 -0.000000 0.914804 -0.000000 0.000000 1.000000 0.000000
0.684943 0.728596 0.000000 0.041472 -0.728596 0.684943 -0.000000 0.915826 -0.000000 0.000000 1.000000 0.000000
0.441412 0.897305 0.000000 0.040861 -0.897305 0.441412 -0.000000 0.916569 -0.000000 0.000000 1.000000 0.000000
0.156621 0.987659 0.000000 0.040635 -0.987659 0.156621 -0.000000 0.917343 -0.000000 0.000000 1.000000 0.000000
-0.512294 0.858810 0.000000 0.040776 -0.858810 -0.512294 -0.000000 0.918429 -0.000000 0.000000 1.000000 0.000000
-0.984180 0.177173 0.000000 0.040555 -0.177173 -0.984180 -0.000000 0.918443 -0.000000 0.000000 1.000000 0.000000
-0.759383 -0.650644 0.000000 0.004212 0.650644 -0.759383 0.000000 0.937467 0.000000 0.000000 1.000000 0.000000
0.019070 -0.999818 0.000000 -0.038010 0.999818 0.019070 0.000000 1.040836 0.000000 0.000000 1.000000 0.000000
0.377374 -0.926061 0.000000 0.003603 0.926061 0.377374 0.000000 1.216559 0.000000 0.000000 1.000000 0.000000
0.635239 -0.772316 0.000000 0.061243 0.772316 0.635239 0.000000 1.315243 0.000000 0.000000 1.000000 0.000000
0.556038 -0.831157 0.000000 0.149974 0.831157 0.556038 0.000000 1.429040 0.000000 0.000000 1.000000 0.000000
0.415891 -0.909414 0.000000 0.220078 0.909414 0.415891 0.000000 1.554150 0.000000 0.000000 1.000000 0.000000
0.155058 -0.987905 0.000000 0.244028 0.987905 0.155058 0.000000 1.621119 0.000000 0.000000 1.000000 0.000000
-0.303251 -0.952911 0.000000 0.234140 0.952911 -0.303251 0.000000 1.712890 0.000000 0.000000 1.000000 0.000000
-0.389646 -0.920965 0.000000 0.205268 0.920965 -0.389646 0.000000 1.785125 0.000000 0.000000 1.000000 0.000000
-0.310990 -0.950413 0.000000 0.201526 0.950413 -0.310990 0.000000 1.795816 0.000000 0.000000 1.000000 0.000000
-0.275011 -0.961441 0.000000 0.201705 0.961441 -0.275011 0.000000 1.795253 0.000000 0.000000 1.000000 0.000000
-0.261828 -0.965114 0.000000 0.201764 0.965114 -0.261828 0.000000 1.795042 0.000000 0.000000 1.000000 0.000000
-0.241581 -0.970381 0.000000 0.201803 0.970381 -0.241581 0.000000 1.794894 0.000000 0.000000 1.000000 0.000000
-0.202361 -0.979311 0.000000 0.202195 0.979311 -0.202361 0.000000 1.793172 0.000000 0.000000 1.000000 0.000000
-0.195775 -0.980649 0.000000 0.211919 0.980649 -0.195775 0.000000 1.744885 0.000000 0.000000 1.000000 0.000000
-0.254226 -0.967145 0.000000 0.203398 0.967145 -0.254226 0.000000 1.785388 0.000000 0.000000 1.000000 0.000000
-0.277315 -0.960779 0.000000 0.199167 0.960779 -0.277315 0.000000 1.800633 0.000000 0.000000 1.000000 0.000000
-0.277315 -0.960779 0.000000 0.199167 0.960779 -0.277315 0.000000 1.800633 0.000000 0.000000 1.000000 0.000000
-0.277315 -0.960779 0.000000 0.199167 0.960779 -0.277315 0.000000 1.800633 0.000000 0.000000 1.000000 0.000000
-0.277315 -0.960779 0.000000 0.199167 0.960779 -0.277315 0.000000 1.800633 0.000000 0.000000 1.000000 0.000000
-0.277315 -0.960779 0.000000 0.199167 0.960779 -0.277315 0.000000 1.800633 0.000000 0.000000 1.000000 0.000000
-0.277315 -0.960779 0.000000 0.199167 0.960779 -0.277315 0.000000 1.800633 0.000000 0.000000 1.000000 0.000000
-0.277315 -0.960779 0.000000 0.199167 0.960779 -0.277315 0.000000 1.800633 0.000000 0.000000 1.000000 0.000000
-0.277315 -0.960779 0.000000 0.199167 0.960779 -0.277315 0.000000 1.800633 0.000000 0.000000 1.000000 0.000000
-0.277315 -0.960779 0.000000 0.199167 0.960779 -0.277315 0.000000 1.800633 0.000000 0.000000 1.000000 0.000000
-0.277315 -0.960779 0.000000 0.199167 0.960779 -0.277315 0.000000 1.800633 0.000000 0.000000 1.000000 0.000000
-0.277315 -0.960779 0.000000 0.199167 0.960779 -0.277315 0.000000 1.800633 0.000000 0.000000 1.000000 0.000000
-0.277315 -0.960779 0.000000 0.199167 0.960779 -0.277315 0.000000 1.800633 0.000000 0.000000 1.000000 0.000000
-0.277315 -0.960779 0.000000 0.199167 0.960779 -0.277315 0.000000 1.800633 0.000000 0.000000 1.000000 0.000000
-0.219098 -0.975703 0.000000 0.196771 0.975703 -0.219098 0.000000 1.808907 0.000000 0.000000 1.000000 0.000000
-0.149726 -0.988728 0.000000 0.206421 0.988728 -0.149726 0.000000 1.758434 0.000000 0.000000 1.000000 0.000000
0.092525 -0.995710 0.000000 0.207343 0.995710 0.092525 0.000000 1.749278 0.000000 0.000000 1.000000 0.000000
0.526954 -0.849894 0.000000 0.205914 0.849894 0.526954 0.000000 1.744610 0.000000 0.000000 1.000000 0.000000
0.947308 -0.320324 0.000000 0.202168 0.320324 0.947308 0.000000 1.741552 0.000000 0.000000 1.000000 0.000000
0.949850 0.312705 0.000000 0.199909 -0.312705 0.949850 -0.000000 1.741502 -0.000000 0.000000 1.000000 0.000000
0.634009 0.773326 0.000000 0.197943 -0.773326 0.634009 -0.000000 1.742850 -0.000000 0.000000 1.000000 0.000000
0.310693 0.950510 0.000000 0.196999 -0.950510 0.310693 -0.000000 1.744452 -0.000000 0.000000 1.000000 0.000000
-0.292501 0.956265 0.000000 0.196896 -0.956265 -0.292501 -0.000000 1.745448 -0.000000 0.000000 1.000000 0.000000
-0.930204 0.367042 0.000000 0.197765 -0.367042 -0.930204 -0.000000 1.746420 -0.000000 0.000000 1.000000 0.000000
-0.868019 -0.496530 0.000000 0.137957 0.496530 -0.868019 0.000000 1.761728 0.000000 0.000000 1.000000 0.000000
-0.173749 -0.984790 0.000000 0.046497 0.984790 -0.173749 0.000000 1.908702 0.000000 0.000000 1.000000 0.000000
0.213625 -0.976916 0.000000 0.070712 0.976916 0.213625 0.000000 2.165774 0.000000 0.000000 1.000000 0.000000
0.349722 -0.936853 0.000000 0.152301 0.936853 0.349722 0.000000 2.430511 0.000000 0.000000 1.000000 0.000000
0.411779 -0.911284 0.000000 0.217548 0.911284 0.411779 0.000000 2.589807 0.000000 0.000000 1.000000 0.000000
0.472939 -0.881095 0.000000 0.264846 0.881095 0.472939 0.000000 2.688006 0.000000 0.000000 1.000000 0.000000
0.219565 -0.975598 0.000000 0.273825 0.975598 0.219565 0.000000 2.705976 0.000000 0.000000 1.000000 0.000000
-0.078485 -0.996915 0.000000 0.274358 0.996915 -0.078485 0.000000 2.713667 0.000000 0.000000 1.000000 0.000000
-0.272280 -0.962218 0.000000 0.273584 0.962218 -0.272280 0.000000 2.718209 0.000000 0.000000 1.000000 0.000000
-0.271754 -0.962367 0.000000 0.273584 0.962367 -0.271754 0.000000 2.718209 0.000000 0.000000 1.000000 0.000000
-0.272142 -0.962257 0.000000 0.273584 0.962257 -0.272142 0.000000 2.718209 0.000000 0.000000 1.000000 0.000000
-0.271865 -0.962335 0.000000 0.273584 0.962335 -0.271865 0.000000 2.718209 0.000000 0.000000 1.000000 0.000000
-0.271753 -0.962367 0.000000 0.273584 0.962367 -0.271753 0.000000 2.718209 0.000000 0.000000 1.000000 0.000000
-0.271965 -0.962307 0.000000 0.273584 0.962307 -0.271965 0.000000 2.718209 0.000000 0.000000 1.000000 0.000000
-0.272179 -0.962247 0.000000 0.273584 0.962247 -0.272179 0.000000 2.718209 0.000000 0.000000 1.000000 0.000000
-0.271765 -0.962364 0.000000 0.273584 0.962364 -0.271765 0.000000 2.718209 0.000000 0.000000 1.000000 0.000000
-0.271668 -0.962391 0.000000 0.273584 0.962391 -0.271668 0.000000 2.718209 0.000000 0.000000 1.000000 0.000000
-0.272561 -0.962139 0.000000 0.273584 0.962139 -0.272561 0.000000 2.718209 0.000000 0.000000 1.000000 0.000000
-0.273176 -0.961964 0.000000 0.273584 0.961964 -0.273176 0.000000 2.718209 0.000000 0.000000 1.000000 0.000000
-0.273237 -0.961947 0.000000 0.273584 0.961947 -0.273237 0.000000 2.718209 0.000000 0.000000 1.000000 0.000000
-0.273289 -0.961932 0.000000 0.273584 0.961932 -0.273289 0.000000 2.718209 0.000000 0.000000 1.000000 0.000000
-0.273813 -0.961783 0.000000 0.273584 0.961783 -0.273813 0.000000 2.718209 0.000000 0.000000 1.000000 0.000000
-0.274233 -0.961663 0.000000 0.273584 0.961663 -0.274233 0.000000 2.718209 0.000000 0.000000 1.000000 0.000000
-0.273969 -0.961738 0.000000 0.273584 0.961738 -0.273969 0.000000 2.718209 0.000000 0.000000 1.000000 0.000000
-0.273325 -0.961922 0.000000 0.273584 0.961922 -0.273325 0.000000 2.718209 0.000000 0.000000 1.000000 0.000000
-0.273149 -0.961972 0.000000 0.273584 0.961972 -0.273149 0.000000 2.718209 0.000000 0.000000 1.000000 0.000000
-0.273474 -0.961879 0.000000 0.273584 0.961879 -0.273474 0.000000 2.718209 0.000000 0.000000 1.000000 0.000000
-0.273173 -0.961965 0.000000 0.273584 0.961965 -0.273173 0.000000 2.718209 0.000000 0.000000 1.000000 0.000000
-0.272571 -0.962136 0.000000 0.273584 0.962136 -0.272571 0.000000 2.718209 0.000000 0.000000 1.000000 0.000000
-0.273259 -0.961941 0.000000 0.273584 0.961941 -0.273259 0.000000 2.718209 0.000000 0.000000 1.000000 0.000000
-0.273288 -0.961932 0.000000 0.273584 0.961932 -0.273288 0.000000 2.718209 0.000000 0.000000 1.000000 0.000000
-0.272946 -0.962029 0.000000 0.273584 0.962029 -0.272946 0.000000 2.718209 0.000000 0.000000 1.000000 0.000000
-0.290347 -0.956921 0.000000 0.273595 0.956921 -0.290347 0.000000 2.718168 0.000000 0.000000 1.000000 0.000000
-0.419386 -0.907808 0.000000 0.273655 0.907808 -0.419386 0.000000 2.717925 0.000000 0.000000 1.000000 0.000000
-0.665086 -0.746767 0.000000 0.273819 0.746767 -0.665086 0.000000 2.717669 0.000000 0.000000 1.000000 0.000000
-0.850506 -0.525965 0.000000 0.273390 0.525965 -0.850506 0.000000 2.718026 0.000000 0.000000 1.000000 0.000000
-0.952471 -0.304630 0.000000 0.273209 0.304630 -0.952471 0.000000 2.718128 0.000000 0.000000 1.000000 0.000000
-0.998339 -0.057609 0.000000 0.272790 0.057609 -0.998339 0.000000 2.718213 0.000000 0.000000 1.000000 0.000000
-0.973984 0.226617 0.000000 0.272300 -0.226617 -0.973984 -0.000000 2.718183 -0.000000 0.000000 1.000000 0.000000
-0.745353 0.666671 0.000000 0.271499 -0.666671 -0.745353 -0.000000 2.717708 -0.000000 0.000000 1.000000 0.000000
-0.162772 0.986664 0.000000 0.255400 -0.986664 -0.162772 -0.000000 2.685812 -0.000000 0.000000 1.000000 0.000000
0.518704 0.854954 0.000000 0.274618 -0.854954 0.518704 -0.000000 2.617648 -0.000000 0.000000 1.000000 0.000000
0.972775 0.231752 0.000000 0.437616 -0.231752 0.972775 -0.000000 2.514462 -0.000000 0.000000 1.000000 0.000000
0.992234 -0.124385 0.000000 0.704511 0.124385 0.992234 0.000000 2.508140 0.000000 0.000000 1.000000 0.000000
0.967312 -0.253591 0.000000 0.994690 0.253591 0.967312 0.000000 2.567888 0.000000 0.000000 1.000000 0.000000
0.959560 -0.281504 0.000000 1.173917 0.281504 0.959560 0.000000 2.618424 0.000000 0.000000 1.000000 0.000000
0.962562 -0.271062 0.000000 1.281869 0.271062 0.962562 0.000000 2.649170 0.000000 0.000000 1.000000 0.000000
0.943208 -0.332202 0.000000 1.317950 0.332202 0.943208 0.000000 2.659588 0.000000 0.000000 1.000000 0.000000
0.802569 -0.596559 0.000000 1.317937 0.596559 0.802569 0.000000 2.659585 0.000000 0.000000 1.000000 0.000000
0.386419 -0.922323 0.000000 1.318019 0.922323 0.386419 0.000000 2.659591 0.000000 0.000000 1.000000 0.000000
0.045751 -0.998953 0.000000 1.318009 0.998953 0.045751 0.000000 2.659506 0.000000 0.000000 1.000000 0.000000
-0.227157 -0.973858 0.000000 1.318086 0.973858 -0.227157 0.000000 2.658884 0.000000 0.000000 1.000000 0.000000
-0.274600 -0.961558 0.000000 1.318047 0.961558 -0.274600 0.000000 2.659037 0.000000 0.000000 1.000000 0.000000
-0.274118 -0.961696 0.000000 1.318047 0.961696 -0.274118 0.000000 2.659037 0.000000 0.000000 1.000000 0.000000
-0.274162 -0.961684 0.000000 1.318047 0.961684 -0.274162 0.000000 2.659037 0.000000 0.000000 1.000000 0.000000
-0.274271 -0.961653 0.000000 1.318047 0.961653 -0.274271 0.000000 2.659034 0.000000 0.000000 1.000000 0.000000
-0.112659 -0.993634 0.000000 1.318567 0.993634 -0.112659 0.000000 2.656669 0.000000 0.000000 1.000000 0.000000
0.269819 -0.962911 0.000000 1.319092 0.962911 0.269819 0.000000 2.657331 0.000000 0.000000 1.000000 0.000000
0.831099 -0.556125 0.000000 1.370634 0.556125 0.831099 0.000000 2.722306 0.000000 0.000000 1.000000 0.000000
0.995599 0.093717 0.000000 1.529027 -0.093717 0.995599 -0.000000 2.754163 -0.000000 0.000000 1.000000 0.000000
0.971012 0.239031 0.000000 1.761968 -0.239031 0.971012 -0.000000 2.705037 -0.000000 0.000000 1.000000 0.000000
0.974792 0.223114 0.000000 2.034474 -0.223114 0.974792 -0.000000 2.639390 -0.000000 0.000000 1.000000 0.000000
0.986692 0.162601 0.000000 2.219400 -0.162601 0.986692 -0.000000 2.601937 -0.000000 0.000000 1.000000 0.000000
0.992855 0.119326 0.000000 2.328339 -0.119326 0.992855 -0.000000 2.587544 -0.000000 0.000000 1.000000 0.000000
0.991225 0.132184 0.000000 2.381741 -0.132184 0.991225 -0.000000 2.580997 -0.000000 0.000000 1.000000 0.000000
0.994591 -0.103872 0.000000 2.382897 0.103872 0.994591 0.000000 2.580955 0.000000 0.000000 1.000000 0.000000
0.849214 -0.528049 0.000000 2.383872 0.528049 0.849214 0.000000 2.581228 0.000000 0.000000 1.000000 0.000000
0.380258 -0.924881 0.000000 2.384593 0.924881 0.380258 0.000000 2.582144 0.000000 0.000000 1.000000 0.000000
0.010498 -0.999945 0.000000 2.384713 0.999945 0.010498 0.000000 2.582563 0.000000 0.000000 1.000000 0.000000
-0.281550 -0.959547 0.000000 2.384695 0.959547 -0.281550 0.000000 2.583216 0.000000 0.000000 1.000000 0.000000
-0.293782 -0.955872 0.000000 2.384711 0.955872 -0.293782 0.000000 2.583164 0.000000 0.000000 1.000000 0.000000
-0.294056 -0.955788 0.000000 2.384711 0.955788 -0.294056 0.000000 2.583164 0.000000 0.000000 1.000000 0.000000
-0.294143 -0.955762 0.000000 2.384711 0.955762 -0.294143 0.000000 2.583164 0.000000 0.000000 1.000000 0.000000
-0.293954 -0.955820 0.000000 2.384711 0.955820 -0.293954 0.000000 2.583164 0.000000 0.000000 1.000000 0.000000
-0.294541 -0.955639 0.000000 2.384711 0.955639 -0.294541 0.000000 2.583164 0.000000 0.000000 1.000000 0.000000
-0.294351 -0.955697 0.000000 2.384711 0.955697 -0.294351 0.000000 2.583164 0.000000 0.000000 1.000000 0.000000
-0.294611 -0.955617 0.000000 2.384711 0.955617 -0.294611 0.000000 2.583164 0.000000 0.000000 1.000000 0.000000
-0.294603 -0.955620 0.000000 2.384711 0.955620 -0.294603 0.000000 2.583164 0.000000 0.000000 1.000000 0.000000
-0.294541 -0.955639 0.000000 2.384711 0.955639 -0.294541 0.000000 2.583164 0.000000 0.000000 1.000000 0.000000
-0.294574 -0.955629 0.000000 2.384711 0.955629 -0.294574 0.000000 2.583164 0.000000 0.000000 1.000000 0.000000
-0.294681 -0.955596 0.000000 2.384711 0.955596 -0.294681 0.000000 2.583164 0.000000 0.000000 1.000000 0.000000
-0.294520 -0.955645 0.000000 2.384711 0.955645 -0.294520 0.000000 2.583164 0.000000 0.000000 1.000000 0.000000
-0.294264 -0.955724 0.000000 2.384711 0.955724 -0.294264 0.000000 2.583164 0.000000 0.000000 1.000000 0.000000
-0.297148 -0.954831 0.000000 2.384711 0.954831 -0.297148 0.000000 2.583163 0.000000 0.000000 1.000000 0.000000
-0.455764 -0.890101 0.000000 2.384384 0.890101 -0.455764 0.000000 2.584032 0.000000 0.000000 1.000000 0.000000
-0.739665 -0.672976 0.000000 2.383927 0.672976 -0.739665 0.000000 2.584610 0.000000 0.000000 1.000000 0.000000
-0.992481 -0.122397 0.000000 2.383116 0.122397 -0.992481 0.000000 2.585006 0.000000 0.000000 1.000000 0.000000
-0.821799 0.569778 0.000000 2.351403 -0.569778 -0.821799 -0.000000 2.570709 -0.000000 0.000000 1.000000 0.000000
-0.230338 0.973111 0.000000 2.282393 -0.973111 -0.230338 -0.000000 2.458117 -0.000000 0.000000 1.000000 0.000000
0.157402 0.987535 0.000000 2.289896 -0.987535 0.157402 -0.000000 2.232978 -0.000000 0.000000 1.000000 0.000000
0.291726 0.956502 0.000000 2.355140 -0.956502 0.291726 -0.000000 1.957386 -0.000000 0.000000 1.000000 0.000000
0.357508 0.933910 0.000000 2.423469 -0.933910 0.357508 -0.000000 1.762414 -0.000000 0.000000 1.000000 0.000000
0.390004 0.920813 0.000000 2.469698 -0.920813 0.390004 -0.000000 1.647845 -0.000000 0.000000 1.000000 0.000000
0.643858 0.765145 0.000000 2.493078 -0.765145 0.643858 -0.000000 1.594555 -0.000000 0.000000 1.000000 0.000000
0.922564 0.385845 0.000000 2.494218 -0.385845 0.922564 -0.000000 1.593633 -0.000000 0.000000 1.000000 0.000000
0.961371 -0.275255 0.000000 2.495151 0.275255 0.961371 0.000000 1.593561 0.000000 0.000000 1.000000 0.000000
0.472654 -0.881248 0.000000 2.496034 0.881248 0.472654 0.000000 1.594139 0.000000 0.000000 1.000000 0.000000
0.015831 -0.999875 0.000000 2.496230 0.999875 0.015831 0.000000 1.594673 0.000000 0.000000 1.000000 0.000000
-0.304432 -0.952534 0.000000 2.496187 0.952534 -0.304432 0.000000 1.595085 0.000000 0.000000 1.000000 0.000000
-0.325898 -0.945405 0.000000 2.496148 0.945405 -0.325898 0.000000 1.595206 0.000000 0.000000 1.000000 0.000000
-0.325526 -0.945533 0.000000 2.496148 0.945533 -0.325526 0.000000 1.595206 0.000000 0.000000 1.000000 0.000000
-0.325806 -0.945436 0.000000 2.496148 0.945436 -0.325806 0.000000 1.595206 0.000000 0.000000 1.000000 0.000000
-0.325898 -0.945405 0.000000 2.496148 0.945405 -0.325898 0.000000 1.595206 0.000000 0.000000 1.000000 0.000000
-0.325898 -0.945405 0.000000 2.496148 0.945405 -0.325898 0.000000 1.595206 0.000000 0.000000 1.000000 0.000000
-0.325898 -0.945405 0.000000 2.496148 0.945405 -0.325898 0.000000 1.595206 0.000000 0.000000 1.000000 0.000000
-0.325898 -0.945405 0.000000 2.496148 0.945405 -0.325898 0.000000 1.595206 0.000000 0.000000 1.000000 0.000000
-0.325898 -0.945405 0.000000 2.496148 0.945405 -0.325898 0.000000 1.595206 0.000000 0.000000 1.000000 0.000000
-0.325898 -0.945405 0.000000 2.496148 0.945405 -0.325898 0.000000 1.595206 0.000000 0.000000 1.000000 0.000000
-0.325898 -0.945405 0.000000 2.496148 0.945405 -0.325898 0.000000 1.595206 0.000000 0.000000 1.000000 0.000000
-0.286010 -0.958227 0.000000 2.496223 0.958227 -0.286010 0.000000 1.594984 0.000000 0.000000 1.000000 0.000000
-0.036928 -0.999318 0.000000 2.496235 0.999318 -0.036928 0.000000 1.594860 0.000000 0.000000 1.000000 0.000000
0.427641 -0.903948 0.000000 2.496272 0.903948 0.427641 0.000000 1.594685 0.000000 0.000000 1.000000 0.000000
0.892759 -0.450534 0.000000 2.495801 0.450534 0.892759 0.000000 1.594161 0.000000 0.000000 1.000000 0.000000
0.967987 0.251000 0.000000 2.532678 -0.251000 0.967987 -0.000000 1.589966 -0.000000 0.000000 1.000000 0.000000
0.531055 0.847337 0.000000 2.647892 -0.847337 0.531055 -0.000000 1.497793 -0.000000 0.000000 1.000000 0.000000
0.082069 0.996627 0.000000 2.713274 -0.996627 0.082069 -0.000000 1.276211 -0.000000 0.000000 1.000000 0.000000
-0.058506 0.998287 0.000000 2.709548 -0.998287 -0.058506 -0.000000 0.989003 -0.000000 0.000000 1.000000 0.000000
-0.100032 0.994984 0.000000 2.693080 -0.994984 -0.100032 -0.000000 0.775787 -0.000000 0.000000 1.000000 0.000000
-0.294404 0.955681 0.000000 2.672679 -0.955681 -0.294404 -0.000000 0.650757 -0.000000 0.000000 1.000000 0.000000
-0.349874 0.936797 0.000000 2.653974 -0.936797 -0.349874 -0.000000 0.593968 -0.000000 0.000000 1.000000 0.000000
-0.551027 0.834487 0.000000 2.654354 -0.834487 -0.551027 -0.000000 0.594655 -0.000000 0.000000 1.000000 0.000000
-0.851690 0.524046 0.000000 2.654447 -0.524046 -0.851690 -0.000000 0.594790 -0.000000 0.000000 1.000000 0.000000
-0.995254 -0.097313 0.000000 2.654147 0.097313 -0.995254 0.000000 0.594812 0.000000 0.000000 1.000000 0.000000
-0.774141 -0.633013 0.000000 2.653523 0.633013 -0.774141 0.000000 0.595113 0.000000 0.000000 1.000000 0.000000
-0.538862 -0.842394 0.000000 2.653523 0.842394 -0.538862 0.000000 0.595059 0.000000 0.000000 1.000000 0.000000
-0.383992 -0.923336 0.000000 2.653349 0.923336 -0.383992 0.000000 0.595350 0.000000 0.000000 1.000000 0.000000
-0.383812 -0.923411 0.000000 2.653349 0.923411 -0.383812 0.000000 0.595350 0.000000 0.000000 1.000000 0.000000
-0.383984 -0.923340 0.000000 2.653349 0.923340 -0.383984 0.000000 0.595350 0.000000 0.000000 1.000000 0.000000
-0.384060 -0.923308 0.000000 2.653349 0.923308 -0.384060 0.000000 0.595350 0.000000 0.000000 1.000000 0.000000
-0.384753 -0.923020 0.000000 2.653349 0.923020 -0.384753 0.000000 0.595350 0.000000 0.000000 1.000000 0.000000
-0.385448 -0.922730 0.000000 2.653349 0.922730 -0.385448 0.000000 0.595350 0.000000 0.000000 1.000000 0.000000
-0.385208 -0.922830 0.000000 2.653349 0.922830 -0.385208 0.000000 0.595350 0.000000 0.000000 1.000000 0.000000
-0.384940 -0.922942 0.000000 2.653349 0.922942 -0.384940 0.000000 0.595350 0.000000 0.000000 1.000000 0.000000
-0.385221 -0.922824 0.000000 2.653349 0.922824 -0.385221 0.000000 0.595350 0.000000 0.000000 1.000000 0.000000
-0.385071 -0.922887 0.000000 2.653349 0.922887 -0.385071 0.000000 0.595350 0.000000 0.000000 1.000000 0.000000
-0.384978 -0.922926 0.000000 2.653349 0.922926 -0.384978 0.000000 0.595350 0.000000 0.000000 1.000000 0.000000
-0.385206 -0.922831 0.000000 2.653349 0.922831 -0.385206 0.000000 0.595350 0.000000 0.000000 1.000000 0.000000
-0.385100 -0.922875 0.000000 2.653349 0.922875 -0.385100 0.000000 0.595350 0.000000 0.000000 1.000000 0.000000
-0.385023 -0.922907 0.000000 2.653349 0.922907 -0.385023 0.000000 0.595350 0.000000 0.000000 1.000000 0.000000
-0.385101 -0.922874 0.000000 2.653349 0.922874 -0.385101 0.000000 0.595350 0.000000 0.000000 1.000000 0.000000
-0.384890 -0.922962 0.000000 2.653349 0.922962 -0.384890 0.000000 0.595350 0.000000 0.000000 1.000000 0.000000
-0.385391 -0.922753 0.000000 2.653349 0.922753 -0.385391 0.000000 0.595350 0.000000 0.000000 1.000000 0.000000
-0.385304 -0.922790 0.000000 2.653349 0.922790 -0.385304 0.000000 0.595350 0.000000 0.000000 1.000000 0.000000
-0.385546 -0.922688 0.000000 2.653349 0.922688 -0.385546 0.000000 0.595350 0.000000 0.000000 1.000000 0.000000
-0.385446 -0.922730 0.000000 2.653349 0.922730 -0.385446 0.000000 0.595350 0.000000 0.000000 1.000000 0.000000
-0.385716 -0.922617 0.000000 2.653349 0.922617 -0.385716 0.000000 0.595350 0.000000 0.000000 1.000000 0.000000
-0.385745 -0.922605 0.000000 2.653349 0.922605 -0.385745 0.000000 0.595350 0.000000 0.000000 1.000000 0.000000
-0.386765 -0.922178 0.000000 2.653349 0.922178 -0.386765 0.000000 0.595350 0.000000 0.000000 1.000000 0.000000
-0.387311 -0.921949 0.000000 2.653349 0.921949 -0.387311 0.000000 0.595350 0.000000 0.000000 1.000000 0.000000
-0.387534 -0.921856 0.000000 2.653349 0.921856 -0.387534 0.000000 0.595350 0.000000 0.000000 1.000000 0.000000
-0.387313 -0.921948 0.000000 2.653349 0.921948 -0.387313 0.000000 0.595350 0.000000 0.000000 1.000000 0.000000
-0.387276 -0.921964 0.000000 2.653349 0.921964 -0.387276 0.000000 0.595350 0.000000 0.000000 1.000000 0.000000
-0.387591 -0.921832 0.000000 2.653349 0.921832 -0.387591 0.000000 0.595350 0.000000 0.000000 1.000000 0.000000
-0.387684 -0.921792 0.000000 2.653349 0.921792 -0.387684 0.000000 0.595350 0.000000 0.000000 1.000000 0.000000
-0.387937 -0.921686 0.000000 2.653349 0.921686 -0.387937 0.000000 0.595350 0.000000 0.000000 1.000000 0.000000
-0.387792 -0.921747 0.000000 2.653349 0.921747 -0.387792 0.000000 0.595350 0.000000 0.000000 1.000000 0.000000
-0.387535 -0.921855 0.000000 2.653349 0.921855 -0.387535 0.000000 0.595350 0.000000 0.000000 1.000000 0.000000
-0.387763 -0.921759 0.000000 2.653349 0.921759 -0.387763 0.000000 0.595350 0.000000 0.000000 1.000000 0.000000
-0.387694 -0.921788 0.000000 2.653349 0.921788 -0.387694 0.000000 0.595350 0.000000 0.000000 1.000000 0.000000
-0.387963 -0.921675 0.000000 2.653349 0.921675 -0.387963 0.000000 0.595350 0.000000 0.000000 1.000000 0.000000
-0.387835 -0.921729 0.000000 2.653349 0.921729 -0.387835 0.000000 0.595350 0.000000 0.000000 1.000000 0.000000
-0.387281 -0.921962 0.000000 2.653349 0.921962 -0.387281 0.000000 0.595350 0.000000 0.000000 1.000000 0.000000
-0.387478 -0.921879 0.000000 2.653349 0.921879 -0.387478 0.000000 0.595350 0.000000 0.000000 1.000000 0.000000
-0.387061 -0.922054 0.000000 2.653349 0.922054 -0.387061 0.000000 0.595350 0.000000 0.000000 1.000000 0.000000
-0.387409 -0.921908 0.000000 2.653349 0.921908 -0.387409 0.000000 0.595350 0.000000 0.000000 1.000000 0.000000
-0.387536 -0.921854 0.000000 2.653349 0.921854 -0.387536 0.000000 0.595350 0.000000 0.000000 1.000000 0.000000
-0.387729 -0.921774 0.000000 2.653349 0.921774 -0.387729 0.000000 0.595350 0.000000 0.000000 1.000000 0.000000
-0.387184 -0.922003 0.000000 2.653349 0.922003 -0.387184 0.000000 0.595350 0.000000 0.000000 1.000000 0.000000
-0.387516 -0.921863 0.000000 2.653349 0.921863 -0.387516 0.000000 0.595350 0.000000 0.000000 1.000000 0.000000
-0.387481 -0.921878 0.000000 2.653349 0.921878 -0.387481 0.000000 0.595350 0.000000 0.000000 1.000000 0.000000
-0.388029 -0.921647 0.000000 2.653349 0.921647 -0.388029 0.000000 0.595350 0.000000 0.000000 1.000000 0.000000
-0.388289 -0.921538 0.000000 2.653349 0.921538 -0.388289 0.000000 0.595350 0.000000 0.000000 1.000000 0.000000
-0.388490 -0.921453 0.000000 2.653349 0.921453 -0.388490 0.000000 0.595350 0.000000 0.000000 1.000000 0.000000
-0.388415 -0.921485 0.000000 2.653349 0.921485 -0.388415 0.000000 0.595350 0.000000 0.000000 1.000000 0.000000
-0.388966 -0.921252 0.000000 2.653349 0.921252 -0.388966 0.000000 0.595350 0.000000 0.000000 1.000000 0.000000
-0.389855 -0.920876 0.000000 2.653349 0.920876 -0.389855 0.000000 0.595350 0.000000 0.000000 1.000000 0.000000
-0.389443 -0.921051 0.000000 2.653349 0.921051 -0.389443 0.000000 0.595350 0.000000 0.000000 1.000000 0.000000
-0.389820 -0.920891 0.000000 2.653349 0.920891 -0.389820 0.000000 0.595350 0.000000 0.000000 1.000000 0.000000
-0.389565 -0.920999 0.000000 2.653349 0.920999 -0.389565 0.000000 0.595350 0.000000 0.000000 1.000000 0.000000
-0.389634 -0.920970 0.000000 2.653349 0.920970 -0.389634 0.000000 0.595350 0.000000 0.000000 1.000000 0.000000
-0.389752 -0.920920 0.000000 2.653349 0.920920 -0.389752 0.000000 0.595350 0.000000 0.000000 1.000000 0.000000
-0.389964 -0.920830 0.000000 2.653349 0.920830 -0.389964 0.000000 0.595350 0.000000 0.000000 1.000000 0.000000
-0.389905 -0.920855 0.000000 2.653349 0.920855 -0.389905 0.000000 0.595350 0.000000 0.000000 1.000000 0.000000
-0.390110 -0.920768 0.000000 2.653349 0.920768 -0.390110 0.000000 0.595350 0.000000 0.000000 1.000000 0.000000
-0.310906 -0.950441 0.000000 2.653345 0.950441 -0.310906 0.000000 0.595368 0.000000 0.000000 1.000000 0.000000
-0.102548 -0.994728 0.000000 2.653356 0.994728 -0.102548 0.000000 0.595095 0.000000 0.000000 1.000000 0.000000
0.363932 -0.931425 0.000000 2.653324 0.931425 0.363932 0.000000 0.595333 0.000000 0.000000 1.000000 0.000000
0.712202 -0.701974 0.000000 2.653277 0.701974 0.712202 0.000000 0.595227 0.000000 0.000000 1.000000 0.000000
0.890386 -0.455207 0.000000 2.652508 0.455207 0.890386 0.000000 0.594652 0.000000 0.000000 1.000000 0.000000
0.982109 0.188315 0.000000 2.650828 -0.188315 0.982109 -0.000000 0.594349 -0.000000 0.000000 1.000000 0.000000
0.521389 0.853319 0.000000 2.685534 -0.853319 0.521389 -0.000000 0.560861 -0.000000 0.000000 1.000000 0.000000
-0.321663 0.946854 0.000000 2.695049 -0.946854 -0.321663 -0.000000 0.478286 -0.000000 0.000000 1.000000 0.000000
-0.941097 0.338137 0.000000 2.583328 -0.338137 -0.941097 -0.000000 0.378279 -0.000000 0.000000 1.000000 0.000000
-0.995927 -0.090161 0.000000 2.324058 0.090161 -0.995927 0.000000 0.358221 0.000000 0.000000 1.000000 0.000000
-0.969369 -0.245609 0.000000 2.091398 0.245609 -0.969369 0.000000 0.396021 0.000000 0.000000 1.000000 0.000000
-0.950685 -0.310159 0.000000 1.961220 0.310159 -0.950685 0.000000 0.433681 0.000000 0.000000 1.000000 0.000000
-0.927325 -0.374258 0.000000 1.880391 0.374258 -0.927325 0.000000 0.462278 0.000000 0.000000 1.000000 0.000000
-0.878311 -0.478090 0.000000 1.881122 0.478090 -0.878311 0.000000 0.461953 0.000000 0.000000 1.000000 0.000000
-0.756914 -0.653515 0.000000 1.881412 0.653515 -0.756914 0.000000 0.461757 0.000000 0.000000 1.000000 0.000000
-0.612309 -0.790619 0.000000 1.881522 0.790619 -0.612309 0.000000 0.461584 0.000000 0.000000 1.000000 0.000000
-0.602037 -0.798469 0.000000 1.880954 0.798469 -0.602037 0.000000 0.462424 0.000000 0.000000 1.000000 0.000000
-0.653583 -0.756855 0.000000 1.880877 0.756855 -0.653583 0.000000 0.462522 0.000000 0.000000 1.000000 0.000000
-0.600299 -0.799776 0.000000 1.881161 0.799776 -0.600299 0.000000 0.462177 0.000000 0.000000 1.000000 0.000000
-0.544639 -0.838671 0.000000 1.881222 0.838671 -0.544639 0.000000 0.462089 0.000000 0.000000 1.000000 0.000000
-0.544378 -0.838840 0.000000 1.881245 0.838840 -0.544378 0.000000 0.462053 0.000000 0.000000 1.000000 0.000000
-0.544639 -0.838671 0.000000 1.881245 0.838671 -0.544639 0.000000 0.462053 0.000000 0.000000 1.000000 0.000000
-0.544683 -0.838642 0.000000 1.881245 0.838642 -0.544683 0.000000 0.462053 0.000000 0.000000 1.000000 0.000000
-0.544346 -0.838861 0.000000 1.881245 0.838861 -0.544346 0.000000 0.462053 0.000000 0.000000 1.000000 0.000000
-0.544785 -0.838575 0.000000 1.881245 0.838575 -0.544785 0.000000 0.462053 0.000000 0.000000 1.000000 0.000000
-0.545279 -0.838254 0.000000 1.881245 0.838254 -0.545279 0.000000 0.462053 0.000000 0.000000 1.000000 0.000000
-0.604835 -0.796351 0.000000 1.880790 0.796351 -0.604835 0.000000 0.462722 0.000000 0.000000 1.000000 0.000000
-0.808819 -0.588057 0.000000 1.879893 0.588057 -0.808819 0.000000 0.463568 0.000000 0.000000 1.000000 0.000000
-0.984043 -0.177932 0.000000 1.826041 0.177932 -0.984043 0.000000 0.483276 0.000000 0.000000 1.000000 0.000000
-0.975668 0.219251 0.000000 1.658241 -0.219251 -0.975668 -0.000000 0.469365 -0.000000 0.000000 1.000000 0.000000
-0.960801 0.277240 0.000000 1.441639 -0.277240 -0.960801 -0.000000 0.411733 -0.000000 0.000000 1.000000 0.000000
-0.956135 0.292927 0.000000 1.295025 -0.292927 -0.956135 -0.000000 0.367158 -0.000000 0.000000 1.000000 0.000000
-0.946455 0.322835 0.000000 1.201640 -0.322835 -0.946455 -0.000000 0.337161 -0.000000 0.000000 1.000000 0.000000
-0.981232 0.192830 0.000000 1.185903 -0.192830 -0.981232 -0.000000 0.332142 -0.000000 0.000000 1.000000 0.000000
-0.990644 -0.136471 0.000000 1.184775 0.136471 -0.990644 0.000000 0.332071 0.000000 0.000000 1.000000 0.000000
-0.896383 -0.443280 0.000000 1.184582 0.443280 -0.896383 0.000000 0.332027 0.000000 0.000000 1.000000 0.000000
-0.765519 -0.643414 0.000000 1.185342 0.643414 -0.765519 0.000000 0.331478 0.000000 0.000000 1.000000 0.000000
-0.691569 -0.722311 0.000000 1.185838 0.722311 -0.691569 0.000000 0.331009 0.000000 0.000000 1.000000 0.000000
-0.692043 -0.721856 0.000000 1.185838 0.721856 -0.692043 0.000000 0.331009 0.000000 0.000000 1.000000 0.000000
-0.691995 -0.721902 0.000000 1.185838 0.721902 -0.691995 0.000000 0.331009 0.000000 0.000000 1.000000 0.000000
-0.691816 -0.722074 0.000000 1.185838 0.722074 -0.691816 0.000000 0.331009 0.000000 0.000000 1.000000 0.000000
-0.691891 -0.722002 0.000000 1.185838 0.722002 -0.691891 0.000000 0.331009 0.000000 0.000000 1.000000 0.000000
-0.692143 -0.721760 0.000000 1.185838 0.721760 -0.692143 0.000000 0.331009 0.000000 0.000000 1.000000 0.000000
-0.692143 -0.721760 0.000000 1.185838 0.721760 -0.692143 0.000000 0.331009 0.000000 0.000000 1.000000 0.000000
-0.692647 -0.721277 0.000000 1.185838 0.721277 -0.692647 0.000000 0.331009 0.000000 0.000000 1.000000 0.000000
-0.692647 -0.721277 0.000000 1.185838 0.721277 -0.692647 0.000000 0.331009 0.000000 0.000000 1.000000 0.000000
-0.692647 -0.721277 0.000000 1.185838 0.721277 -0.692647 0.000000 0.331009 0.000000 0.000000 1.000000 0.000000
-0.692647 -0.721277 0.000000 1.185838 0.721277 -0.692647 0.000000 0.331009 0.000000 0.000000 1.000000 0.000000
-0.692647 -0.721277 0.000000 1.185838 0.721277 -0.692647 0.000000 0.331009 0.000000 0.000000 1.000000 0.000000
-0.692647 -0.721277 0.000000 1.185838 0.721277 -0.692647 0.000000 0.331009 0.000000 0.000000 1.000000 0.000000
-0.692647 -0.721277 0.000000 1.185838 0.721277 -0.692647 0.000000 0.331009 0.000000 0.000000 1.000000 0.000000
-0.692647 -0.721277 0.000000 1.185838 0.721277 -0.692647 0.000000 0.331009 0.000000 0.000000 1.000000 0.000000
-0.692647 -0.721277 0.000000 1.185838 0.721277 -0.692647 0.000000 0.331009 0.000000 0.000000 1.000000 0.000000
-0.692647 -0.721277 0.000000 1.185838 0.721277 -0.692647 0.000000 0.331009 0.000000 0.000000 1.000000 0.000000
-0.692647 -0.721277 0.000000 1.185838 0.721277 -0.692647 0.000000 0.331009 0.000000 0.000000 1.000000 0.000000
-0.692647 -0.721277 0.000000 1.185838 0.721277 -0.692647 0.000000 0.331009 0.000000 0.000000 1.000000 0.000000
-0.692647 -0.721277 0.000000 1.185838 0.721277 -0.692647 0.000000 0.331009 0.000000 0.000000 1.000000 0.000000
-0.692647 -0.721277 0.000000 1.185838 0.721277 -0.692647 0.000000 0.331009 0.000000 0.000000 1.000000 0.000000
-0.692647 -0.721277 0.000000 1.185838 0.721277 -0.692647 0.000000 0.331009 0.000000 0.000000 1.000000 0.000000
-0.692269 -0.721639 0.000000 1.185838 0.721639 -0.692269 0.000000 0.331009 0.000000 0.000000 1.000000 0.000000
-0.692395 -0.721519 0.000000 1.185838 0.721519 -0.692395 0.000000 0.331009 0.000000 0.000000 1.000000 0.000000
-0.692395 -0.721519 0.000000 1.185838 0.721519 -0.692395 0.000000 0.331009 0.000000 0.000000 1.000000 0.000000
-0.692395 -0.721519 0.000000 1.185838 0.721519 -0.692395 0.000000 0.331009 0.000000 0.000000 1.000000 0.000000
-0.692395 -0.721519 0.000000 1.185838 0.721519 -0.692395 0.000000 0.331009 0.000000 0.000000 1.000000 0.000000
-0.692395 -0.721519 0.000000 1.185838 0.721519 -0.692395 0.000000 0.331009 0.000000 0.000000 1.000000 0.000000
-0.692395 -0.721519 0.000000 1.185838 0.721519 -0.692395 0.000000 0.331009 0.000000 0.000000 1.000000 0.000000
-0.692395 -0.721519 0.000000 1.185838 0.721519 -0.692395 0.000000 0.331009 0.000000 0.000000 1.000000 0.000000
-0.692395 -0.721519 0.000000 1.185838 0.721519 -0.692395 0.000000 0.331009 0.000000 0.000000 1.000000 0.000000
-0.692395 -0.721519 0.000000 1.185838 0.721519 -0.692395 0.000000 0.331009 0.000000 0.000000 1.000000 0.000000
-0.692395 -0.721519 0.000000 1.185838 0.721519 -0.692395 0.000000 0.331009 0.000000 0.000000 1.000000 0.000000
-0.692395 -0.721519 0.000000 1.185838 0.721519 -0.692395 0.000000 0.331009 0.000000 0.000000 1.000000 0.000000
-0.692395 -0.721519 0.000000 1.185838 0.721519 -0.692395 0.000000 0.331009 0.000000 0.000000 1.000000 0.000000
-0.692395 -0.721519 0.000000 1.185838 0.721519 -0.692395 0.000000 0.331009 0.000000 0.000000 1.000000 0.000000
-0.692395 -0.721519 0.000000 1.185838 0.721519 -0.692395 0.000000 0.331009 0.000000 0.000000 1.000000 0.000000
-0.692395 -0.721519 0.000000 1.185838 0.721519 -0.692395 0.000000 0.331009 0.000000 0.000000 1.000000 0.000000
-0.692395 -0.721519 0.000000 1.185838 0.721519 -0.692395 0.000000 0.331009 0.000000 0.000000 1.000000 0.000000
-0.692395 -0.721519 0.000000 1.185838 0.721519 -0.692395 0.000000 0.331009 0.000000 0.000000 1.000000 0.000000
-0.692395 -0.721519 0.000000 1.185838 0.721519 -0.692395 0.000000 0.331009 0.000000 0.000000 1.000000 0.000000
-0.692395 -0.721519 0.000000 1.185838 0.721519 -0.692395 0.000000 0.331009 0.000000 0.000000 1.000000 0.000000
-0.692395 -0.721519 0.000000 1.185838 0.721519 -0.692395 0.000000 0.331009 0.000000 0.000000 1.000000 0.000000
-0.692395 -0.721519 0.000000 1.185838 0.721519 -0.692395 0.000000 0.331009 0.000000 0.000000 1.000000 0.000000
-0.692395 -0.721519 0.000000 1.185838 0.721519 -0.692395 0.000000 0.331009 0.000000 0.000000 1.000000 0.000000
-0.692395 -0.721519 0.000000 1.185838 0.721519 -0.692395 0.000000 0.331009 0.000000 0.000000 1.000000 0.000000
-0.692395 -0.721519 0.000000 1.185838 0.721519 -0.692395 0.000000 0.331009 0.000000 0.000000 1.000000 0.000000
-0.692395 -0.721519 0.000000 1.185838 0.721519 -0.692395 0.000000 0.331009 0.000000 0.000000 1.000000 0.000000
-0.692395 -0.721519 0.000000 1.185838 0.721519 -0.692395 0.000000 0.331009 0.000000 0.000000 1.000000 0.000000
-0.692395 -0.721519 0.000000 1.185838 0.721519 -0.692395 0.000000 0.331009 0.000000 0.000000 1.000000 0.000000
-0.692395 -0.721519 0.000000 1.185838 0.721519 -0.692395 0.000000 0.331009 0.000000 0.000000 1.000000 0.000000
-0.692395 -0.721519 0.000000 1.185838 0.721519 -0.692395 0.000000 0.331009 0.000000 0.000000 1.000000 0.000000
-0.692395 -0.721519 0.000000 1.185838 0.721519 -0.692395 0.000000 0.331009 0.000000 0.000000 1.000000 0.000000
-0.692395 -0.721519 0.000000 1.185838 0.721519 -0.692395 0.000000 0.331009 0.000000 0.000000 1.000000 0.000000
-0.692395 -0.721519 0.000000 1.185838 0.721519 -0.692395 0.000000 0.331009 0.000000 0.000000 1.000000 0.000000
